(15, 55)
(16, 56)
(17, 57)
(18, 58)
(19, 59)
(20, 60)
(21, 61)
(22, 61)
(23, 61)
(24, 61)
(25, 61)
(26, 61)
(27, 61)
(28, 61)
(29, 61)
(30, 61)
(31, 61)
(32, 62)
(33, 63)
(34, 64)
(35, 65)
(36, 66)
(37, 67)
(38, 67)
(39, 67)
(40, 68)
(41, 69)
(42, 70)
(43, 71)
(44, 72)
(45, 73)
(46, 74)
(47, 75)
(48, 76)
(49, 77)
(50, 78)
(51, 79)
(52, 80)
(53, 80)
(54, 80)
(55, 80)
(56, 80)
(57, 80)
(58, 80)
(59, 80)
(60, 80)
(61, 80)
(62, 80)
(63, 80)
(64, 80)
(65, 80)
(66, 80)
(67, 80)
(68, 80)
(69, 80)
(70, 80)
(71, 80)
(72, 79)
(73, 78)
(74, 77)
(75, 76)
(76, 75)
(77, 74)
(78, 73)
(79, 72)
(80, 71)
(81, 70)
(81, 69)
(81, 68)
(81, 67)
(81, 66)
(81, 65)
(81, 64)
(81, 63)
(81, 62)
(81, 61)
(81, 60)
(81, 59)
(81, 58)
(81, 57)
(81, 56)
(80, 55)
(79, 54)
(78, 53)
(77, 52)
(76, 51)
(75, 50)
(74, 49)
(73, 48)
(72, 48)
(71, 48)
(70, 48)
(69, 48)
(68, 48)
(67, 48)
(66, 48)
(65, 48)
(64, 48)
(63, 47)
(62, 46)
(61, 45)
(60, 44)
(59, 43)
(58, 42)
(57, 41)
(56, 40)
(55, 39)
(54, 38)
(53, 37)
(52, 36)
(51, 35)
(50, 34)
(49, 33)
(48, 32)
(47, 31)
(46, 30)
(45, 29)
(44, 28)
(43, 27)
(42, 26)
(41, 25)
(40, 24)
(39, 23)
(38, 22)
(37, 21)
(36, 20)
(35, 19)
(34, 18)
(33, 17)
(32, 16)
(31, 15)
(30, 14)
(29, 13)
(28, 14)
(27, 15)
(26, 16)
(26, 17)
(25, 17)
(24, 17)
(23, 17)
(22, 17)
(21, 17)
(20, 17)
(19, 17)
(18, 17)
(17, 17)
(18, 17)
(19, 17)
(20, 17)
(21, 17)
(22, 17)
(23, 17)
(24, 17)
(25, 17)
(26, 17)
(27, 17)
(28, 17)
(29, 17)
(30, 17)
(31, 17)
(32, 17)
(33, 17)
(34, 17)
(35, 17)
(36, 17)
(37, 17)
(38, 18)
(39, 19)
(40, 20)
(41, 21)
(42, 22)
(43, 23)
(44, 24)
(44, 25)
(45, 26)
(46, 27)
(47, 28)
(48, 29)
(49, 30)
(50, 31)
(51, 32)
(52, 32)
(53, 33)
(54, 34)
(55, 35)
(56, 36)
(57, 37)
(58, 38)
(59, 39)
(59, 40)
(59, 41)
(59, 42)
(59, 43)
(59, 44)
(59, 45)
(59, 46)
(59, 47)
(59, 48)
(59, 49)
(59, 50)
(59, 51)
(59, 52)
(59, 53)
(58, 53)
(57, 53)
(56, 53)
(55, 53)
(54, 53)
(53, 53)
(52, 53)
(51, 53)
(50, 53)
(49, 53)
(48, 53)
(47, 53)
(46, 53)
(45, 54)
(44, 55)
(43, 56)
(42, 57)
(41, 58)
(40, 59)
(39, 60)
(38, 61)
(37, 62)
(36, 63)
(35, 64)
(34, 65)
(33, 64)
(32, 63)
(31, 62)
(30, 61)
(29, 60)
(28, 59)
(27, 58)
(26, 57)
(25, 57)
(24, 57)
(23, 57)
(22, 57)
(21, 57)
(20, 57)
(19, 57)
(18, 57)
(17, 57)
(16, 57)
(15, 57)
(14, 57)
(13, 57)
(9, 18)
(9, 19)
(10, 17)
(10, 18)
(10, 19)
(10, 20)
(11, 16)
(11, 17)
(11, 18)
(11, 19)
(11, 20)
(11, 21)
(12, 14)
(12, 15)
(12, 16)
(12, 17)
(12, 18)
(12, 19)
(12, 20)
(12, 21)
(12, 22)
(13, 14)
(13, 15)
(13, 16)
(13, 17)
(13, 18)
(13, 19)
(13, 20)
(13, 21)
(13, 22)
(13, 23)
(14, 13)
(14, 14)
(14, 15)
(14, 16)
(14, 17)
(14, 18)
(14, 19)
(14, 20)
(14, 21)
(14, 22)
(14, 23)
(14, 24)
(15, 12)
(15, 13)
(15, 14)
(15, 15)
(15, 16)
(15, 17)
(15, 18)
(15, 19)
(15, 20)
(15, 21)
(15, 22)
(15, 23)
(15, 24)
(15, 25)
(16, 11)
(16, 12)
(16, 13)
(16, 14)
(16, 15)
(16, 16)
(16, 17)
(16, 18)
(16, 19)
(16, 20)
(16, 21)
(16, 22)
(16, 23)
(16, 24)
(16, 25)
(16, 26)
(17, 10)
(17, 11)
(17, 12)
(17, 13)
(17, 14)
(17, 15)
(17, 16)
(17, 18)
(17, 19)
(17, 20)
(17, 21)
(17, 22)
(17, 23)
(17, 24)
(17, 25)
(17, 26)
(34, 7)
(35, 7)
(47, 7)
(48, 7)
(33, 8)
(34, 8)
(35, 8)
(46, 8)
(47, 8)
(48, 8)
(49, 8)
(32, 9)
(33, 9)
(34, 9)
(35, 9)
(36, 9)
(45, 9)
(46, 9)
(47, 9)
(48, 9)
(49, 9)
(50, 9)
(18, 10)
(31, 10)
(32, 10)
(33, 10)
(34, 10)
(35, 10)
(36, 10)
(44, 10)
(45, 10)
(46, 10)
(47, 10)
(48, 10)
(49, 10)
(50, 10)
(18, 11)
(19, 11)
(30, 11)
(31, 11)
(32, 11)
(33, 11)
(34, 11)
(35, 11)
(36, 11)
(37, 11)
(43, 11)
(44, 11)
(45, 11)
(46, 11)
(47, 11)
(48, 11)
(49, 11)
(18, 12)
(19, 12)
(20, 12)
(29, 12)
(30, 12)
(31, 12)
(32, 12)
(33, 12)
(34, 12)
(35, 12)
(36, 12)
(37, 12)
(38, 12)
(42, 12)
(43, 12)
(44, 12)
(45, 12)
(46, 12)
(47, 12)
(48, 12)
(18, 13)
(19, 13)
(20, 13)
(28, 13)
(30, 13)
(31, 13)
(32, 13)
(33, 13)
(34, 13)
(35, 13)
(36, 13)
(37, 13)
(38, 13)
(39, 13)
(40, 13)
(41, 13)
(42, 13)
(43, 13)
(44, 13)
(45, 13)
(46, 13)
(47, 13)
(18, 14)
(19, 14)
(20, 14)
(21, 14)
(27, 14)
(29, 14)
(31, 14)
(32, 14)
(33, 14)
(34, 14)
(35, 14)
(36, 14)
(37, 14)
(38, 14)
(39, 14)
(40, 14)
(41, 14)
(42, 14)
(43, 14)
(44, 14)
(45, 14)
(46, 14)
(18, 15)
(19, 15)
(20, 15)
(21, 15)
(22, 15)
(26, 15)
(28, 15)
(29, 15)
(30, 15)
(32, 15)
(33, 15)
(34, 15)
(35, 15)
(36, 15)
(37, 15)
(38, 15)
(39, 15)
(40, 15)
(41, 15)
(42, 15)
(43, 15)
(44, 15)
(45, 15)
(18, 16)
(19, 16)
(20, 16)
(21, 16)
(22, 16)
(23, 16)
(24, 16)
(25, 16)
(27, 16)
(28, 16)
(29, 16)
(30, 16)
(31, 16)
(33, 16)
(34, 16)
(35, 16)
(36, 16)
(37, 16)
(38, 16)
(39, 16)
(40, 16)
(41, 16)
(42, 16)
(43, 16)
(44, 16)
(38, 17)
(39, 17)
(40, 17)
(41, 17)
(42, 17)
(43, 17)
(18, 18)
(19, 18)
(20, 18)
(21, 18)
(22, 18)
(23, 18)
(24, 18)
(25, 18)
(26, 18)
(27, 18)
(28, 18)
(29, 18)
(30, 18)
(31, 18)
(32, 18)
(33, 18)
(35, 18)
(36, 18)
(37, 18)
(39, 18)
(40, 18)
(41, 18)
(42, 18)
(43, 18)
(18, 19)
(19, 19)
(20, 19)
(21, 19)
(22, 19)
(23, 19)
(24, 19)
(25, 19)
(26, 19)
(27, 19)
(28, 19)
(29, 19)
(30, 19)
(31, 19)
(32, 19)
(33, 19)
(34, 19)
(36, 19)
(37, 19)
(38, 19)
(40, 19)
(41, 19)
(42, 19)
(18, 20)
(19, 20)
(20, 20)
(21, 20)
(22, 20)
(23, 20)
(24, 20)
(25, 20)
(26, 20)
(27, 20)
(28, 20)
(29, 20)
(30, 20)
(31, 20)
(32, 20)
(33, 20)
(34, 20)
(35, 20)
(37, 20)
(38, 20)
(39, 20)
(41, 20)
(42, 20)
(18, 21)
(19, 21)
(20, 21)
(21, 21)
(22, 21)
(23, 21)
(24, 21)
(25, 21)
(26, 21)
(27, 21)
(28, 21)
(29, 21)
(30, 21)
(31, 21)
(32, 21)
(33, 21)
(34, 21)
(35, 21)
(36, 21)
(38, 21)
(39, 21)
(40, 21)
(42, 21)
(43, 21)
(18, 22)
(19, 22)
(20, 22)
(21, 22)
(22, 22)
(23, 22)
(24, 22)
(25, 22)
(26, 22)
(27, 22)
(28, 22)
(29, 22)
(30, 22)
(31, 22)
(32, 22)
(33, 22)
(34, 22)
(35, 22)
(36, 22)
(37, 22)
(39, 22)
(40, 22)
(41, 22)
(43, 22)
(44, 22)
(18, 23)
(19, 23)
(20, 23)
(21, 23)
(22, 23)
(23, 23)
(24, 23)
(25, 23)
(26, 23)
(27, 23)
(28, 23)
(29, 23)
(30, 23)
(31, 23)
(32, 23)
(33, 23)
(35, 23)
(36, 23)
(37, 23)
(38, 23)
(40, 23)
(41, 23)
(42, 23)
(44, 23)
(45, 23)
(18, 24)
(19, 24)
(20, 24)
(22, 24)
(23, 24)
(24, 24)
(25, 24)
(26, 24)
(27, 24)
(28, 24)
(29, 24)
(30, 24)
(31, 24)
(32, 24)
(36, 24)
(37, 24)
(38, 24)
(39, 24)
(41, 24)
(42, 24)
(43, 24)
(45, 24)
(46, 24)
(47, 24)
(18, 25)
(19, 25)
(23, 25)
(24, 25)
(25, 25)
(26, 25)
(27, 25)
(28, 25)
(29, 25)
(30, 25)
(31, 25)
(37, 25)
(38, 25)
(39, 25)
(40, 25)
(42, 25)
(43, 25)
(45, 25)
(46, 25)
(47, 25)
(48, 25)
(18, 26)
(24, 26)
(25, 26)
(26, 26)
(27, 26)
(28, 26)
(29, 26)
(30, 26)
(37, 26)
(38, 26)
(39, 26)
(40, 26)
(41, 26)
(43, 26)
(44, 26)
(46, 26)
(47, 26)
(48, 26)
(49, 26)
(25, 27)
(26, 27)
(27, 27)
(28, 27)
(29, 27)
(37, 27)
(38, 27)
(39, 27)
(40, 27)
(41, 27)
(42, 27)
(44, 27)
(45, 27)
(47, 27)
(48, 27)
(49, 27)
(50, 27)
(26, 28)
(27, 28)
(28, 28)
(37, 28)
(38, 28)
(39, 28)
(40, 28)
(41, 28)
(42, 28)
(43, 28)
(45, 28)
(46, 28)
(48, 28)
(49, 28)
(50, 28)
(51, 28)
(37, 29)
(38, 29)
(39, 29)
(40, 29)
(41, 29)
(42, 29)
(43, 29)
(44, 29)
(46, 29)
(47, 29)
(49, 29)
(50, 29)
(51, 29)
(52, 29)
(37, 30)
(38, 30)
(39, 30)
(40, 30)
(41, 30)
(42, 30)
(43, 30)
(44, 30)
(45, 30)
(47, 30)
(48, 30)
(50, 30)
(51, 30)
(52, 30)
(53, 30)
(36, 31)
(37, 31)
(38, 31)
(39, 31)
(40, 31)
(41, 31)
(42, 31)
(43, 31)
(44, 31)
(45, 31)
(46, 31)
(48, 31)
(49, 31)
(51, 31)
(52, 31)
(53, 31)
(35, 32)
(36, 32)
(37, 32)
(38, 32)
(39, 32)
(40, 32)
(41, 32)
(42, 32)
(43, 32)
(44, 32)
(45, 32)
(46, 32)
(47, 32)
(49, 32)
(50, 32)
(53, 32)
(54, 32)
(34, 33)
(35, 33)
(36, 33)
(37, 33)
(38, 33)
(39, 33)
(40, 33)
(41, 33)
(42, 33)
(43, 33)
(44, 33)
(45, 33)
(46, 33)
(47, 33)
(48, 33)
(50, 33)
(51, 33)
(52, 33)
(54, 33)
(55, 33)
(34, 34)
(35, 34)
(36, 34)
(37, 34)
(38, 34)
(41, 34)
(42, 34)
(43, 34)
(44, 34)
(45, 34)
(46, 34)
(47, 34)
(48, 34)
(49, 34)
(51, 34)
(52, 34)
(53, 34)
(55, 34)
(56, 34)
(34, 35)
(35, 35)
(36, 35)
(37, 35)
(42, 35)
(43, 35)
(44, 35)
(45, 35)
(46, 35)
(47, 35)
(48, 35)
(49, 35)
(50, 35)
(52, 35)
(53, 35)
(54, 35)
(56, 35)
(57, 35)
(35, 36)
(36, 36)
(43, 36)
(44, 36)
(45, 36)
(46, 36)
(47, 36)
(48, 36)
(49, 36)
(50, 36)
(51, 36)
(53, 36)
(54, 36)
(55, 36)
(57, 36)
(58, 36)
(44, 37)
(45, 37)
(46, 37)
(47, 37)
(48, 37)
(49, 37)
(50, 37)
(51, 37)
(52, 37)
(54, 37)
(55, 37)
(56, 37)
(58, 37)
(45, 38)
(46, 38)
(47, 38)
(48, 38)
(49, 38)
(51, 38)
(52, 38)
(53, 38)
(55, 38)
(56, 38)
(57, 38)
(46, 39)
(47, 39)
(48, 39)
(52, 39)
(53, 39)
(54, 39)
(56, 39)
(57, 39)
(58, 39)
(60, 39)
(61, 39)
(62, 39)
(63, 39)
(53, 40)
(54, 40)
(55, 40)
(57, 40)
(58, 40)
(60, 40)
(61, 40)
(62, 40)
(63, 40)
(74, 40)
(75, 40)
(54, 41)
(55, 41)
(56, 41)
(58, 41)
(60, 41)
(61, 41)
(62, 41)
(63, 41)
(74, 41)
(75, 41)
(55, 42)
(56, 42)
(57, 42)
(60, 42)
(61, 42)
(62, 42)
(63, 42)
(64, 42)
(74, 42)
(75, 42)
(76, 42)
(56, 43)
(57, 43)
(58, 43)
(60, 43)
(61, 43)
(62, 43)
(63, 43)
(64, 43)
(65, 43)
(73, 43)
(74, 43)
(75, 43)
(76, 43)
(57, 44)
(58, 44)
(61, 44)
(62, 44)
(63, 44)
(64, 44)
(65, 44)
(66, 44)
(72, 44)
(73, 44)
(74, 44)
(75, 44)
(76, 44)
(77, 44)
(57, 45)
(58, 45)
(60, 45)
(62, 45)
(63, 45)
(64, 45)
(65, 45)
(66, 45)
(67, 45)
(68, 45)
(69, 45)
(70, 45)
(71, 45)
(72, 45)
(73, 45)
(74, 45)
(75, 45)
(76, 45)
(77, 45)
(57, 46)
(58, 46)
(60, 46)
(61, 46)
(63, 46)
(64, 46)
(65, 46)
(66, 46)
(67, 46)
(68, 46)
(69, 46)
(70, 46)
(71, 46)
(72, 46)
(73, 46)
(74, 46)
(75, 46)
(76, 46)
(77, 46)
(78, 46)
(79, 46)
(13, 47)
(14, 47)
(49, 47)
(57, 47)
(58, 47)
(60, 47)
(61, 47)
(62, 47)
(64, 47)
(65, 47)
(66, 47)
(67, 47)
(68, 47)
(69, 47)
(70, 47)
(71, 47)
(72, 47)
(73, 47)
(74, 47)
(75, 47)
(76, 47)
(77, 47)
(78, 47)
(79, 47)
(80, 47)
(12, 48)
(13, 48)
(14, 48)
(15, 48)
(48, 48)
(49, 48)
(57, 48)
(58, 48)
(60, 48)
(61, 48)
(62, 48)
(63, 48)
(74, 48)
(75, 48)
(76, 48)
(77, 48)
(78, 48)
(79, 48)
(80, 48)
(81, 48)
(11, 49)
(12, 49)
(13, 49)
(14, 49)
(15, 49)
(16, 49)
(25, 49)
(26, 49)
(47, 49)
(48, 49)
(49, 49)
(50, 49)
(51, 49)
(52, 49)
(57, 49)
(58, 49)
(60, 49)
(61, 49)
(62, 49)
(63, 49)
(64, 49)
(65, 49)
(66, 49)
(67, 49)
(68, 49)
(69, 49)
(70, 49)
(71, 49)
(72, 49)
(73, 49)
(75, 49)
(76, 49)
(77, 49)
(78, 49)
(79, 49)
(80, 49)
(81, 49)
(8, 50)
(10, 50)
(11, 50)
(12, 50)
(13, 50)
(14, 50)
(15, 50)
(16, 50)
(25, 50)
(26, 50)
(46, 50)
(47, 50)
(48, 50)
(49, 50)
(50, 50)
(51, 50)
(52, 50)
(56, 50)
(57, 50)
(58, 50)
(60, 50)
(61, 50)
(62, 50)
(63, 50)
(64, 50)
(65, 50)
(66, 50)
(67, 50)
(68, 50)
(69, 50)
(70, 50)
(71, 50)
(72, 50)
(73, 50)
(74, 50)
(76, 50)
(77, 50)
(78, 50)
(79, 50)
(80, 50)
(81, 50)
(82, 50)
(8, 51)
(9, 51)
(10, 51)
(11, 51)
(12, 51)
(13, 51)
(14, 51)
(15, 51)
(16, 51)
(17, 51)
(25, 51)
(26, 51)
(27, 51)
(46, 51)
(47, 51)
(48, 51)
(49, 51)
(50, 51)
(51, 51)
(52, 51)
(53, 51)
(54, 51)
(56, 51)
(57, 51)
(58, 51)
(60, 51)
(61, 51)
(62, 51)
(63, 51)
(64, 51)
(65, 51)
(66, 51)
(67, 51)
(68, 51)
(69, 51)
(70, 51)
(71, 51)
(72, 51)
(73, 51)
(74, 51)
(75, 51)
(77, 51)
(78, 51)
(79, 51)
(80, 51)
(81, 51)
(82, 51)
(8, 52)
(9, 52)
(10, 52)
(11, 52)
(12, 52)
(13, 52)
(14, 52)
(15, 52)
(16, 52)
(17, 52)
(18, 52)
(22, 52)
(23, 52)
(24, 52)
(25, 52)
(26, 52)
(27, 52)
(28, 52)
(46, 52)
(47, 52)
(48, 52)
(49, 52)
(50, 52)
(51, 52)
(52, 52)
(53, 52)
(54, 52)
(55, 52)
(56, 52)
(57, 52)
(58, 52)
(60, 52)
(61, 52)
(62, 52)
(63, 52)
(64, 52)
(65, 52)
(68, 52)
(69, 52)
(70, 52)
(71, 52)
(72, 52)
(73, 52)
(74, 52)
(75, 52)
(76, 52)
(78, 52)
(79, 52)
(80, 52)
(81, 52)
(82, 52)
(7, 53)
(8, 53)
(9, 53)
(10, 53)
(11, 53)
(12, 53)
(13, 53)
(14, 53)
(15, 53)
(16, 53)
(17, 53)
(18, 53)
(19, 53)
(20, 53)
(21, 53)
(22, 53)
(23, 53)
(24, 53)
(25, 53)
(26, 53)
(27, 53)
(28, 53)
(29, 53)
(30, 53)
(31, 53)
(60, 53)
(61, 53)
(62, 53)
(63, 53)
(64, 53)
(70, 53)
(71, 53)
(72, 53)
(73, 53)
(74, 53)
(75, 53)
(76, 53)
(77, 53)
(79, 53)
(80, 53)
(81, 53)
(82, 53)
(83, 53)
(84, 53)
(85, 53)
(6, 54)
(7, 54)
(8, 54)
(9, 54)
(10, 54)
(11, 54)
(12, 54)
(13, 54)
(14, 54)
(15, 54)
(16, 54)
(17, 54)
(18, 54)
(19, 54)
(20, 54)
(21, 54)
(22, 54)
(23, 54)
(24, 54)
(25, 54)
(26, 54)
(27, 54)
(28, 54)
(29, 54)
(30, 54)
(31, 54)
(42, 54)
(43, 54)
(44, 54)
(46, 54)
(47, 54)
(48, 54)
(49, 54)
(50, 54)
(51, 54)
(52, 54)
(53, 54)
(54, 54)
(55, 54)
(56, 54)
(57, 54)
(58, 54)
(59, 54)
(63, 54)
(64, 54)
(70, 54)
(71, 54)
(72, 54)
(73, 54)
(74, 54)
(75, 54)
(76, 54)
(77, 54)
(78, 54)
(80, 54)
(81, 54)
(82, 54)
(83, 54)
(84, 54)
(85, 54)
(86, 54)
(5, 55)
(6, 55)
(7, 55)
(8, 55)
(9, 55)
(10, 55)
(11, 55)
(12, 55)
(13, 55)
(14, 55)
(16, 55)
(17, 55)
(18, 55)
(19, 55)
(20, 55)
(21, 55)
(22, 55)
(23, 55)
(24, 55)
(25, 55)
(26, 55)
(27, 55)
(28, 55)
(29, 55)
(30, 55)
(31, 55)
(32, 55)
(41, 55)
(42, 55)
(43, 55)
(45, 55)
(46, 55)
(47, 55)
(48, 55)
(49, 55)
(50, 55)
(51, 55)
(52, 55)
(53, 55)
(54, 55)
(55, 55)
(56, 55)
(57, 55)
(58, 55)
(59, 55)
(70, 55)
(71, 55)
(72, 55)
(73, 55)
(74, 55)
(75, 55)
(76, 55)
(77, 55)
(78, 55)
(79, 55)
(81, 55)
(82, 55)
(83, 55)
(84, 55)
(85, 55)
(86, 55)
(87, 55)
(5, 56)
(6, 56)
(7, 56)
(8, 56)
(9, 56)
(10, 56)
(11, 56)
(12, 56)
(13, 56)
(14, 56)
(15, 56)
(17, 56)
(18, 56)
(19, 56)
(20, 56)
(21, 56)
(22, 56)
(23, 56)
(24, 56)
(25, 56)
(26, 56)
(27, 56)
(28, 56)
(29, 56)
(30, 56)
(31, 56)
(32, 56)
(40, 56)
(41, 56)
(42, 56)
(44, 56)
(45, 56)
(46, 56)
(47, 56)
(48, 56)
(49, 56)
(50, 56)
(51, 56)
(52, 56)
(53, 56)
(54, 56)
(55, 56)
(56, 56)
(57, 56)
(58, 56)
(71, 56)
(72, 56)
(73, 56)
(74, 56)
(75, 56)
(76, 56)
(77, 56)
(78, 56)
(79, 56)
(80, 56)
(82, 56)
(83, 56)
(84, 56)
(85, 56)
(86, 56)
(87, 56)
(88, 56)
(6, 57)
(7, 57)
(8, 57)
(9, 57)
(10, 57)
(11, 57)
(12, 57)
(27, 57)
(28, 57)
(29, 57)
(30, 57)
(31, 57)
(32, 57)
(33, 57)
(39, 57)
(40, 57)
(41, 57)
(43, 57)
(44, 57)
(45, 57)
(46, 57)
(47, 57)
(48, 57)
(49, 57)
(50, 57)
(51, 57)
(52, 57)
(53, 57)
(54, 57)
(55, 57)
(56, 57)
(57, 57)
(58, 57)
(75, 57)
(76, 57)
(77, 57)
(78, 57)
(79, 57)
(80, 57)
(82, 57)
(83, 57)
(84, 57)
(85, 57)
(86, 57)
(87, 57)
(88, 57)
(89, 57)
(7, 58)
(8, 58)
(9, 58)
(10, 58)
(11, 58)
(12, 58)
(13, 58)
(14, 58)
(15, 58)
(16, 58)
(17, 58)
(19, 58)
(20, 58)
(21, 58)
(22, 58)
(23, 58)
(24, 58)
(25, 58)
(26, 58)
(28, 58)
(29, 58)
(30, 58)
(31, 58)
(32, 58)
(33, 58)
(34, 58)
(38, 58)
(39, 58)
(40, 58)
(42, 58)
(43, 58)
(44, 58)
(45, 58)
(46, 58)
(47, 58)
(48, 58)
(49, 58)
(50, 58)
(51, 58)
(56, 58)
(57, 58)
(77, 58)
(78, 58)
(79, 58)
(80, 58)
(82, 58)
(83, 58)
(84, 58)
(85, 58)
(86, 58)
(87, 58)
(88, 58)
(89, 58)
(90, 58)
(8, 59)
(9, 59)
(10, 59)
(11, 59)
(12, 59)
(13, 59)
(14, 59)
(15, 59)
(16, 59)
(17, 59)
(18, 59)
(20, 59)
(21, 59)
(22, 59)
(23, 59)
(24, 59)
(25, 59)
(26, 59)
(27, 59)
(29, 59)
(30, 59)
(31, 59)
(32, 59)
(33, 59)
(34, 59)
(35, 59)
(36, 59)
(37, 59)
(38, 59)
(39, 59)
(41, 59)
(42, 59)
(43, 59)
(44, 59)
(45, 59)
(46, 59)
(47, 59)
(48, 59)
(49, 59)
(50, 59)
(78, 59)
(79, 59)
(80, 59)
(82, 59)
(83, 59)
(84, 59)
(85, 59)
(86, 59)
(87, 59)
(88, 59)
(89, 59)
(90, 59)
(9, 60)
(10, 60)
(11, 60)
(12, 60)
(13, 60)
(14, 60)
(15, 60)
(16, 60)
(17, 60)
(18, 60)
(19, 60)
(21, 60)
(22, 60)
(23, 60)
(24, 60)
(25, 60)
(26, 60)
(27, 60)
(28, 60)
(30, 60)
(31, 60)
(32, 60)
(33, 60)
(34, 60)
(35, 60)
(36, 60)
(37, 60)
(38, 60)
(40, 60)
(41, 60)
(42, 60)
(43, 60)
(44, 60)
(45, 60)
(46, 60)
(47, 60)
(48, 60)
(49, 60)
(78, 60)
(79, 60)
(80, 60)
(82, 60)
(83, 60)
(84, 60)
(85, 60)
(86, 60)
(87, 60)
(88, 60)
(89, 60)
(10, 61)
(11, 61)
(12, 61)
(13, 61)
(14, 61)
(15, 61)
(16, 61)
(17, 61)
(18, 61)
(19, 61)
(20, 61)
(32, 61)
(33, 61)
(34, 61)
(35, 61)
(36, 61)
(37, 61)
(39, 61)
(40, 61)
(41, 61)
(42, 61)
(43, 61)
(44, 61)
(45, 61)
(46, 61)
(47, 61)
(48, 61)
(49, 61)
(77, 61)
(78, 61)
(79, 61)
(80, 61)
(82, 61)
(83, 61)
(84, 61)
(85, 61)
(86, 61)
(87, 61)
(88, 61)
(11, 62)
(12, 62)
(13, 62)
(14, 62)
(15, 62)
(16, 62)
(17, 62)
(18, 62)
(19, 62)
(20, 62)
(21, 62)
(22, 62)
(23, 62)
(24, 62)
(25, 62)
(26, 62)
(27, 62)
(28, 62)
(29, 62)
(30, 62)
(33, 62)
(34, 62)
(35, 62)
(36, 62)
(38, 62)
(39, 62)
(40, 62)
(41, 62)
(42, 62)
(43, 62)
(44, 62)
(45, 62)
(46, 62)
(47, 62)
(48, 62)
(49, 62)
(76, 62)
(77, 62)
(78, 62)
(79, 62)
(80, 62)
(82, 62)
(83, 62)
(84, 62)
(85, 62)
(86, 62)
(87, 62)
(12, 63)
(13, 63)
(14, 63)
(15, 63)
(16, 63)
(17, 63)
(18, 63)
(21, 63)
(22, 63)
(23, 63)
(24, 63)
(25, 63)
(26, 63)
(27, 63)
(28, 63)
(29, 63)
(30, 63)
(31, 63)
(34, 63)
(35, 63)
(37, 63)
(38, 63)
(39, 63)
(40, 63)
(41, 63)
(42, 63)
(43, 63)
(44, 63)
(45, 63)
(46, 63)
(47, 63)
(48, 63)
(49, 63)
(50, 63)
(51, 63)
(75, 63)
(76, 63)
(77, 63)
(78, 63)
(79, 63)
(80, 63)
(82, 63)
(83, 63)
(84, 63)
(85, 63)
(86, 63)
(13, 64)
(14, 64)
(15, 64)
(16, 64)
(17, 64)
(22, 64)
(23, 64)
(24, 64)
(25, 64)
(26, 64)
(27, 64)
(28, 64)
(29, 64)
(30, 64)
(31, 64)
(32, 64)
(36, 64)
(37, 64)
(38, 64)
(39, 64)
(40, 64)
(41, 64)
(42, 64)
(43, 64)
(44, 64)
(45, 64)
(46, 64)
(47, 64)
(48, 64)
(49, 64)
(50, 64)
(51, 64)
(52, 64)
(75, 64)
(76, 64)
(77, 64)
(78, 64)
(79, 64)
(80, 64)
(82, 64)
(83, 64)
(84, 64)
(85, 64)
(14, 65)
(15, 65)
(16, 65)
(23, 65)
(24, 65)
(25, 65)
(26, 65)
(27, 65)
(28, 65)
(29, 65)
(30, 65)
(31, 65)
(32, 65)
(33, 65)
(36, 65)
(37, 65)
(38, 65)
(39, 65)
(40, 65)
(41, 65)
(42, 65)
(43, 65)
(44, 65)
(45, 65)
(46, 65)
(47, 65)
(48, 65)
(49, 65)
(50, 65)
(51, 65)
(52, 65)
(74, 65)
(75, 65)
(76, 65)
(77, 65)
(78, 65)
(79, 65)
(80, 65)
(82, 65)
(83, 65)
(84, 65)
(24, 66)
(25, 66)
(26, 66)
(27, 66)
(28, 66)
(29, 66)
(30, 66)
(31, 66)
(32, 66)
(33, 66)
(34, 66)
(35, 66)
(37, 66)
(38, 66)
(39, 66)
(40, 66)
(41, 66)
(42, 66)
(43, 66)
(44, 66)
(45, 66)
(46, 66)
(47, 66)
(48, 66)
(49, 66)
(50, 66)
(51, 66)
(52, 66)
(53, 66)
(74, 66)
(75, 66)
(76, 66)
(77, 66)
(78, 66)
(79, 66)
(80, 66)
(82, 66)
(83, 66)
(25, 67)
(26, 67)
(27, 67)
(28, 67)
(29, 67)
(30, 67)
(31, 67)
(32, 67)
(33, 67)
(34, 67)
(35, 67)
(36, 67)
(40, 67)
(41, 67)
(42, 67)
(43, 67)
(44, 67)
(45, 67)
(46, 67)
(47, 67)
(48, 67)
(49, 67)
(50, 67)
(51, 67)
(52, 67)
(53, 67)
(73, 67)
(74, 67)
(75, 67)
(76, 67)
(77, 67)
(78, 67)
(79, 67)
(80, 67)
(82, 67)
(26, 68)
(27, 68)
(28, 68)
(29, 68)
(30, 68)
(31, 68)
(32, 68)
(33, 68)
(34, 68)
(35, 68)
(36, 68)
(37, 68)
(38, 68)
(39, 68)
(41, 68)
(42, 68)
(43, 68)
(44, 68)
(45, 68)
(46, 68)
(47, 68)
(48, 68)
(49, 68)
(50, 68)
(51, 68)
(52, 68)
(53, 68)
(54, 68)
(55, 68)
(71, 68)
(72, 68)
(73, 68)
(74, 68)
(75, 68)
(76, 68)
(77, 68)
(78, 68)
(79, 68)
(80, 68)
(82, 68)
(27, 69)
(28, 69)
(29, 69)
(30, 69)
(31, 69)
(32, 69)
(33, 69)
(34, 69)
(35, 69)
(36, 69)
(37, 69)
(38, 69)
(39, 69)
(40, 69)
(42, 69)
(43, 69)
(44, 69)
(45, 69)
(46, 69)
(47, 69)
(48, 69)
(49, 69)
(50, 69)
(51, 69)
(52, 69)
(53, 69)
(54, 69)
(55, 69)
(56, 69)
(57, 69)
(71, 69)
(72, 69)
(73, 69)
(74, 69)
(75, 69)
(76, 69)
(77, 69)
(78, 69)
(79, 69)
(80, 69)
(82, 69)
(83, 69)
(28, 70)
(29, 70)
(30, 70)
(31, 70)
(32, 70)
(33, 70)
(34, 70)
(35, 70)
(36, 70)
(37, 70)
(38, 70)
(39, 70)
(40, 70)
(41, 70)
(43, 70)
(44, 70)
(45, 70)
(46, 70)
(47, 70)
(48, 70)
(49, 70)
(50, 70)
(51, 70)
(52, 70)
(53, 70)
(54, 70)
(55, 70)
(56, 70)
(57, 70)
(70, 70)
(71, 70)
(72, 70)
(73, 70)
(74, 70)
(75, 70)
(76, 70)
(77, 70)
(78, 70)
(79, 70)
(80, 70)
(82, 70)
(83, 70)
(29, 71)
(30, 71)
(31, 71)
(32, 71)
(33, 71)
(34, 71)
(35, 71)
(36, 71)
(37, 71)
(38, 71)
(39, 71)
(40, 71)
(41, 71)
(42, 71)
(44, 71)
(45, 71)
(46, 71)
(47, 71)
(48, 71)
(49, 71)
(50, 71)
(51, 71)
(52, 71)
(53, 71)
(54, 71)
(55, 71)
(56, 71)
(57, 71)
(69, 71)
(70, 71)
(71, 71)
(72, 71)
(73, 71)
(74, 71)
(75, 71)
(76, 71)
(77, 71)
(78, 71)
(79, 71)
(81, 71)
(82, 71)
(83, 71)
(84, 71)
(30, 72)
(31, 72)
(32, 72)
(33, 72)
(34, 72)
(35, 72)
(36, 72)
(37, 72)
(38, 72)
(39, 72)
(40, 72)
(41, 72)
(42, 72)
(43, 72)
(45, 72)
(46, 72)
(47, 72)
(48, 72)
(49, 72)
(50, 72)
(51, 72)
(52, 72)
(53, 72)
(54, 72)
(55, 72)
(56, 72)
(57, 72)
(58, 72)
(69, 72)
(70, 72)
(71, 72)
(72, 72)
(73, 72)
(74, 72)
(75, 72)
(76, 72)
(77, 72)
(78, 72)
(80, 72)
(81, 72)
(82, 72)
(83, 72)
(84, 72)
(85, 72)
(31, 73)
(32, 73)
(33, 73)
(34, 73)
(35, 73)
(36, 73)
(37, 73)
(38, 73)
(39, 73)
(40, 73)
(41, 73)
(42, 73)
(43, 73)
(44, 73)
(46, 73)
(47, 73)
(48, 73)
(49, 73)
(50, 73)
(51, 73)
(52, 73)
(53, 73)
(54, 73)
(55, 73)
(56, 73)
(57, 73)
(58, 73)
(69, 73)
(70, 73)
(71, 73)
(72, 73)
(73, 73)
(74, 73)
(75, 73)
(76, 73)
(77, 73)
(79, 73)
(80, 73)
(81, 73)
(82, 73)
(83, 73)
(84, 73)
(85, 73)
(86, 73)
(87, 73)
(88, 73)
(32, 74)
(33, 74)
(34, 74)
(35, 74)
(36, 74)
(37, 74)
(38, 74)
(39, 74)
(40, 74)
(41, 74)
(42, 74)
(43, 74)
(44, 74)
(45, 74)
(47, 74)
(48, 74)
(49, 74)
(50, 74)
(51, 74)
(52, 74)
(53, 74)
(54, 74)
(55, 74)
(56, 74)
(57, 74)
(58, 74)
(59, 74)
(62, 74)
(63, 74)
(65, 74)
(66, 74)
(67, 74)
(68, 74)
(69, 74)
(70, 74)
(71, 74)
(72, 74)
(73, 74)
(74, 74)
(75, 74)
(76, 74)
(78, 74)
(79, 74)
(81, 74)
(83, 74)
(84, 74)
(85, 74)
(86, 74)
(87, 74)
(88, 74)
(33, 75)
(34, 75)
(35, 75)
(36, 75)
(37, 75)
(38, 75)
(39, 75)
(40, 75)
(41, 75)
(42, 75)
(43, 75)
(44, 75)
(45, 75)
(46, 75)
(48, 75)
(49, 75)
(50, 75)
(51, 75)
(52, 75)
(53, 75)
(54, 75)
(55, 75)
(56, 75)
(57, 75)
(58, 75)
(59, 75)
(62, 75)
(63, 75)
(64, 75)
(65, 75)
(66, 75)
(67, 75)
(68, 75)
(69, 75)
(70, 75)
(71, 75)
(72, 75)
(73, 75)
(74, 75)
(75, 75)
(77, 75)
(78, 75)
(79, 75)
(80, 75)
(81, 75)
(82, 75)
(83, 75)
(84, 75)
(85, 75)
(86, 75)
(87, 75)
(88, 75)
(89, 75)
(34, 76)
(35, 76)
(36, 76)
(37, 76)
(38, 76)
(39, 76)
(40, 76)
(41, 76)
(42, 76)
(43, 76)
(44, 76)
(45, 76)
(46, 76)
(47, 76)
(49, 76)
(50, 76)
(51, 76)
(52, 76)
(53, 76)
(54, 76)
(55, 76)
(56, 76)
(57, 76)
(58, 76)
(59, 76)
(60, 76)
(61, 76)
(62, 76)
(63, 76)
(64, 76)
(65, 76)
(66, 76)
(67, 76)
(68, 76)
(69, 76)
(70, 76)
(71, 76)
(72, 76)
(73, 76)
(74, 76)
(76, 76)
(77, 76)
(78, 76)
(79, 76)
(83, 76)
(84, 76)
(85, 76)
(86, 76)
(87, 76)
(88, 76)
(89, 76)
(90, 76)
(35, 77)
(36, 77)
(37, 77)
(38, 77)
(39, 77)
(40, 77)
(41, 77)
(42, 77)
(43, 77)
(44, 77)
(45, 77)
(46, 77)
(47, 77)
(48, 77)
(50, 77)
(51, 77)
(52, 77)
(53, 77)
(54, 77)
(55, 77)
(56, 77)
(57, 77)
(58, 77)
(59, 77)
(60, 77)
(61, 77)
(62, 77)
(63, 77)
(64, 77)
(65, 77)
(66, 77)
(67, 77)
(68, 77)
(69, 77)
(70, 77)
(71, 77)
(72, 77)
(73, 77)
(75, 77)
(76, 77)
(77, 77)
(78, 77)
(79, 77)
(80, 77)
(81, 77)
(82, 77)
(83, 77)
(84, 77)
(85, 77)
(86, 77)
(87, 77)
(88, 77)
(89, 77)
(90, 77)
(91, 77)
(92, 77)
(36, 78)
(37, 78)
(38, 78)
(39, 78)
(40, 78)
(41, 78)
(42, 78)
(43, 78)
(44, 78)
(45, 78)
(46, 78)
(47, 78)
(48, 78)
(49, 78)
(51, 78)
(52, 78)
(53, 78)
(54, 78)
(55, 78)
(56, 78)
(57, 78)
(58, 78)
(59, 78)
(60, 78)
(61, 78)
(62, 78)
(63, 78)
(64, 78)
(65, 78)
(66, 78)
(67, 78)
(68, 78)
(69, 78)
(70, 78)
(71, 78)
(72, 78)
(74, 78)
(75, 78)
(76, 78)
(77, 78)
(78, 78)
(79, 78)
(80, 78)
(82, 78)
(83, 78)
(84, 78)
(85, 78)
(86, 78)
(87, 78)
(88, 78)
(89, 78)
(90, 78)
(91, 78)
(92, 78)
(37, 79)
(38, 79)
(39, 79)
(40, 79)
(41, 79)
(42, 79)
(43, 79)
(44, 79)
(45, 79)
(46, 79)
(47, 79)
(48, 79)
(49, 79)
(50, 79)
(52, 79)
(53, 79)
(54, 79)
(55, 79)
(56, 79)
(57, 79)
(58, 79)
(59, 79)
(60, 79)
(61, 79)
(62, 79)
(63, 79)
(64, 79)
(65, 79)
(66, 79)
(67, 79)
(68, 79)
(69, 79)
(70, 79)
(71, 79)
(73, 79)
(74, 79)
(75, 79)
(76, 79)
(77, 79)
(78, 79)
(79, 79)
(80, 79)
(81, 79)
(82, 79)
(83, 79)
(84, 79)
(85, 79)
(86, 79)
(87, 79)
(88, 79)
(89, 79)
(90, 79)
(91, 79)
(92, 79)
(38, 80)
(39, 80)
(40, 80)
(41, 80)
(42, 80)
(43, 80)
(44, 80)
(45, 80)
(46, 80)
(47, 80)
(48, 80)
(49, 80)
(50, 80)
(51, 80)
(72, 80)
(73, 80)
(74, 80)
(75, 80)
(76, 80)
(77, 80)
(78, 80)
(79, 80)
(80, 80)
(81, 80)
(82, 80)
(83, 80)
(84, 80)
(85, 80)
(86, 80)
(87, 80)
(88, 80)
(89, 80)
(90, 80)
(91, 80)
(92, 80)
(39, 81)
(40, 81)
(41, 81)
(42, 81)
(43, 81)
(44, 81)
(45, 81)
(46, 81)
(47, 81)
(48, 81)
(49, 81)
(50, 81)
(51, 81)
(52, 81)
(53, 81)
(54, 81)
(55, 81)
(56, 81)
(57, 81)
(58, 81)
(59, 81)
(60, 81)
(61, 81)
(62, 81)
(63, 81)
(64, 81)
(65, 81)
(66, 81)
(67, 81)
(68, 81)
(69, 81)
(70, 81)
(71, 81)
(72, 81)
(73, 81)
(74, 81)
(75, 81)
(76, 81)
(77, 81)
(78, 81)
(79, 81)
(80, 81)
(81, 81)
(82, 81)
(83, 81)
(84, 81)
(85, 81)
(86, 81)
(87, 81)
(89, 81)
(90, 81)
(40, 82)
(41, 82)
(42, 82)
(43, 82)
(44, 82)
(45, 82)
(46, 82)
(47, 82)
(48, 82)
(49, 82)
(50, 82)
(51, 82)
(52, 82)
(53, 82)
(54, 82)
(55, 82)
(56, 82)
(57, 82)
(58, 82)
(59, 82)
(60, 82)
(61, 82)
(62, 82)
(63, 82)
(64, 82)
(65, 82)
(66, 82)
(67, 82)
(68, 82)
(69, 82)
(70, 82)
(71, 82)
(72, 82)
(73, 82)
(74, 82)
(75, 82)
(76, 82)
(77, 82)
(78, 82)
(79, 82)
(80, 82)
(81, 82)
(82, 82)
(83, 82)
(84, 82)
(85, 82)
(86, 82)
(41, 83)
(42, 83)
(44, 83)
(45, 83)
(46, 83)
(47, 83)
(48, 83)
(49, 83)
(50, 83)
(51, 83)
(52, 83)
(53, 83)
(54, 83)
(55, 83)
(56, 83)
(57, 83)
(58, 83)
(59, 83)
(60, 83)
(61, 83)
(62, 83)
(63, 83)
(64, 83)
(65, 83)
(66, 83)
(67, 83)
(68, 83)
(69, 83)
(70, 83)
(71, 83)
(72, 83)
(73, 83)
(74, 83)
(75, 83)
(76, 83)
(77, 83)
(78, 83)
(79, 83)
(80, 83)
(81, 83)
(82, 83)
(83, 83)
(84, 83)
(85, 83)
(45, 84)
(46, 84)
(47, 84)
(48, 84)
(49, 84)
(50, 84)
(51, 84)
(52, 84)
(53, 84)
(54, 84)
(55, 84)
(56, 84)
(57, 84)
(58, 84)
(59, 84)
(60, 84)
(61, 84)
(62, 84)
(63, 84)
(64, 84)
(65, 84)
(66, 84)
(67, 84)
(68, 84)
(69, 84)
(70, 84)
(71, 84)
(72, 84)
(73, 84)
(74, 84)
(75, 84)
(76, 84)
(77, 84)
(78, 84)
(79, 84)
(80, 84)
(81, 84)
(82, 84)
(83, 84)
(84, 84)
(46, 85)
(47, 85)
(48, 85)
(49, 85)
(50, 85)
(51, 85)
(52, 85)
(53, 85)
(54, 85)
(55, 85)
(56, 85)
(57, 85)
(58, 85)
(59, 85)
(60, 85)
(61, 85)
(62, 85)
(63, 85)
(64, 85)
(65, 85)
(66, 85)
(67, 85)
(68, 85)
(69, 85)
(70, 85)
(71, 85)
(72, 85)
(73, 85)
(74, 85)
(75, 85)
(76, 85)
(77, 85)
(78, 85)
(81, 85)
(82, 85)
(83, 85)
(47, 86)
(48, 86)
(49, 86)
(50, 86)
(51, 86)
(52, 86)
(55, 86)
(56, 86)
(57, 86)
(58, 86)
(59, 86)
(60, 86)
(61, 86)
(62, 86)
(63, 86)
(64, 86)
(65, 86)
(66, 86)
(67, 86)
(68, 86)
(69, 86)
(70, 86)
(71, 86)
(72, 86)
(73, 86)
(74, 86)
(75, 86)
(76, 86)
(77, 86)
(48, 87)
(49, 87)
(50, 87)
(51, 87)
(56, 87)
(57, 87)
(58, 87)
(59, 87)
(60, 87)
(61, 87)
(62, 87)
(63, 87)
(64, 87)
(65, 87)
(66, 87)
(67, 87)
(68, 87)
(69, 87)
(70, 87)
(71, 87)
(72, 87)
(73, 87)
(74, 87)
(75, 87)
(76, 87)
(49, 88)
(50, 88)
(57, 88)
(58, 88)
(59, 88)
(60, 88)
(61, 88)
(62, 88)
(63, 88)
(64, 88)
(65, 88)
(66, 88)
(67, 88)
(68, 88)
(69, 88)
(70, 88)
(71, 88)
(72, 88)
(73, 88)
(74, 88)
(75, 88)
(58, 89)
(59, 89)
(60, 89)
(61, 89)
(62, 89)
(63, 89)
(64, 89)
(65, 89)
(66, 89)
(69, 89)
(70, 89)
(71, 89)
(72, 89)
(73, 89)
(74, 89)
(59, 90)
(60, 90)
(61, 90)
(62, 90)
(63, 90)
(64, 90)
(65, 90)
(70, 90)
(71, 90)
(72, 90)
(73, 90)
(60, 91)
(61, 91)
(62, 91)
(63, 91)
(64, 91)
(71, 91)
(72, 91)
(61, 92)
(62, 92)
(80, 74)
(82, 74)
(80, 76)
(81, 76)
(82, 76)
(81, 78)
