(439, 207)
(440, 207)
(441, 207)
(442, 207)
(443, 207)
(444, 207)
(445, 207)
(446, 207)
(447, 207)
(448, 207)
(449, 207)
(450, 207)
(451, 207)
(452, 207)
(453, 207)
(454, 207)
(455, 207)
(456, 207)
(457, 207)
(458, 207)
(459, 207)
(460, 207)
(461, 207)
(462, 207)
(463, 207)
(464, 207)
(465, 207)
(466, 207)
(467, 207)
(467, 208)
(467, 209)
(467, 210)
(467, 211)
(467, 212)
(467, 213)
(467, 214)
(467, 215)
(467, 216)
(467, 217)
(467, 218)
(467, 219)
(467, 220)
(467, 221)
(467, 222)
(467, 223)
(467, 224)
(467, 225)
(467, 226)
(467, 227)
(467, 228)
(467, 229)
(467, 230)
(467, 231)
(467, 232)
(467, 233)
(467, 234)
(467, 235)
(467, 236)
(467, 237)
(467, 238)
(467, 239)
(467, 240)
(467, 241)
(467, 242)
(467, 243)
(467, 244)
(467, 245)
(467, 246)
(467, 247)
(467, 248)
(467, 249)
(467, 250)
(467, 251)
(467, 252)
(467, 253)
(467, 254)
(467, 255)
(467, 256)
(467, 257)
(467, 258)
(467, 259)
(467, 260)
(467, 261)
(467, 262)
(467, 263)
(467, 264)
(467, 265)
(467, 266)
(467, 267)
(467, 268)
(467, 269)
(467, 270)
(467, 271)
(467, 272)
(467, 273)
(467, 274)
(467, 275)
(467, 276)
(467, 277)
(467, 278)
(467, 279)
(467, 280)
(467, 281)
(467, 282)
(467, 283)
(467, 284)
(467, 285)
(467, 286)
(467, 287)
(467, 288)
(467, 289)
(467, 290)
(467, 291)
(467, 292)
(467, 293)
(467, 294)
(467, 295)
(467, 296)
(467, 297)
(467, 298)
(467, 299)
(467, 300)
(467, 301)
(467, 302)
(467, 303)
(467, 304)
(467, 305)
(467, 306)
(467, 307)
(468, 308)
(469, 309)
(470, 310)
(471, 311)
(472, 312)
(473, 313)
(474, 314)
(475, 315)
(476, 316)
(477, 317)
(478, 318)
(479, 319)
(480, 320)
(481, 321)
(482, 322)
(483, 323)
(484, 324)
(485, 325)
(486, 326)
(487, 327)
(488, 328)
(489, 329)
(490, 330)
(491, 331)
(492, 332)
(493, 333)
(494, 334)
(495, 335)
(496, 336)
(497, 337)
(498, 338)
(499, 339)
(500, 340)
(500, 341)
(500, 342)
(500, 343)
(500, 344)
(500, 345)
(500, 346)
(500, 347)
(500, 348)
(500, 349)
(500, 350)
(500, 351)
(500, 352)
(500, 353)
(500, 354)
(500, 355)
(500, 356)
(500, 357)
(501, 358)
(502, 359)
(503, 360)
(504, 361)
(505, 362)
(506, 363)
(507, 364)
(508, 365)
(509, 366)
(510, 367)
(511, 368)
(512, 369)
(513, 370)
(514, 371)
(515, 372)
(516, 373)
(517, 373)
(518, 373)
(519, 373)
(520, 373)
(521, 373)
(522, 373)
(523, 373)
(524, 373)
(525, 373)
(526, 373)
(527, 373)
(528, 373)
(529, 373)
(530, 373)
(531, 373)
(532, 373)
(533, 373)
(534, 373)
(535, 373)
(536, 373)
(537, 373)
(538, 373)
(539, 373)
(540, 374)
(541, 375)
(542, 376)
(543, 377)
(544, 378)
(545, 379)
(546, 380)
(547, 381)
(548, 382)
(549, 383)
(550, 384)
(551, 385)
(552, 386)
(553, 387)
(554, 388)
(555, 389)
(556, 390)
(557, 391)
(558, 392)
(559, 393)
(560, 394)
(561, 395)
(562, 396)
(563, 397)
(564, 398)
(565, 399)
(566, 400)
(567, 401)
(568, 402)
(569, 403)
(570, 404)
(571, 405)
(572, 406)
(573, 407)
(574, 408)
(575, 409)
(576, 410)
(577, 411)
(578, 412)
(579, 413)
(580, 414)
(581, 415)
(582, 416)
(583, 417)
(584, 418)
(585, 419)
(586, 420)
(587, 421)
(588, 422)
(589, 423)
(590, 424)
(591, 425)
(592, 426)
(593, 427)
(594, 428)
(595, 429)
(596, 430)
(597, 431)
(598, 432)
(599, 433)
(600, 434)
(601, 435)
(602, 436)
(603, 437)
(604, 438)
(605, 439)
(606, 440)
(607, 441)
(608, 442)
(609, 443)
(610, 444)
(611, 445)
(612, 446)
(613, 447)
(614, 448)
(615, 449)
(616, 450)
(617, 451)
(618, 452)
(619, 453)
(620, 454)
(621, 455)
(622, 456)
(623, 457)
(624, 458)
(625, 459)
(626, 460)
(627, 460)
(628, 460)
(629, 460)
(630, 460)
(631, 461)
(632, 462)
(633, 463)
(634, 464)
(635, 465)
(636, 466)
(637, 467)
(638, 468)
(639, 469)
(640, 470)
(640, 471)
(640, 472)
(640, 473)
(640, 474)
(640, 475)
(641, 476)
(642, 477)
(643, 478)
(644, 479)
(645, 480)
(646, 481)
(647, 482)
(648, 483)
(649, 484)
(650, 485)
(651, 486)
(652, 487)
(652, 488)
(652, 489)
(652, 490)
(652, 491)
(652, 492)
(653, 493)
(654, 494)
(655, 495)
(656, 496)
(657, 497)
(658, 498)
(659, 499)
(660, 500)
(661, 501)
(662, 502)
(662, 503)
(662, 504)
(662, 505)
(662, 506)
(662, 507)
(662, 508)
(663, 509)
(664, 510)
(665, 511)
(666, 512)
(667, 513)
(668, 514)
(669, 515)
(670, 516)
(671, 517)
(672, 518)
(673, 519)
(674, 520)
(675, 521)
(676, 522)
(677, 523)
(678, 523)
(679, 523)
(680, 523)
(681, 523)
(682, 523)
(683, 523)
(684, 523)
(685, 523)
(686, 523)
(687, 523)
(688, 523)
(689, 523)
(690, 524)
(691, 525)
(692, 526)
(693, 527)
(694, 528)
(695, 529)
(696, 530)
(697, 531)
(698, 532)
(699, 533)
(700, 534)
(701, 535)
(702, 536)
(703, 537)
(704, 538)
(705, 539)
(706, 540)
(707, 541)
(708, 542)
(709, 543)
(710, 544)
(711, 545)
(712, 546)
(713, 547)
(714, 548)
(715, 549)
(716, 550)
(717, 551)
(718, 552)
(719, 553)
(720, 554)
(721, 555)
(722, 556)
(723, 557)
(724, 558)
(725, 559)
(726, 560)
(727, 561)
(728, 562)
(729, 563)
(730, 564)
(731, 565)
(732, 566)
(733, 567)
(734, 568)
(735, 569)
(736, 570)
(737, 571)
(738, 572)
(739, 573)
(740, 574)
(741, 575)
(742, 576)
(743, 577)
(744, 578)
(745, 579)
(746, 580)
(747, 581)
(748, 582)
(749, 583)
(750, 584)
(751, 585)
(752, 586)
(753, 587)
(754, 588)
(755, 588)
(756, 588)
(757, 588)
(758, 588)
(759, 588)
(760, 588)
(761, 588)
(762, 588)
(763, 588)
(764, 588)
(765, 588)
(766, 588)
(767, 588)
(768, 588)
(769, 588)
(770, 588)
(771, 588)
(772, 588)
(773, 588)
(774, 588)
(775, 588)
(776, 588)
(777, 588)
(778, 588)
(779, 588)
(780, 588)
(781, 588)
(782, 588)
(783, 588)
(784, 588)
(785, 588)
(786, 588)
(787, 588)
(788, 588)
(789, 588)
(790, 588)
(791, 588)
(792, 588)
(793, 588)
(794, 588)
(795, 589)
(796, 590)
(797, 591)
(797, 592)
(797, 593)
(797, 594)
(797, 595)
(798, 596)
(799, 597)
(800, 598)
(801, 599)
(802, 600)
(803, 601)
(804, 602)
(805, 603)
(806, 604)
(807, 605)
(808, 606)
(808, 607)
(808, 608)
(808, 609)
(808, 610)
(808, 611)
(809, 612)
(810, 613)
(811, 614)
(812, 615)
(813, 616)
(814, 617)
(815, 618)
(816, 619)
(817, 620)
(818, 621)
(819, 622)
(820, 623)
(821, 624)
(822, 625)
(823, 626)
(824, 627)
(825, 628)
(826, 629)
(827, 630)
(828, 631)
(829, 632)
(830, 633)
(831, 634)
(832, 635)
(833, 636)
(834, 637)
(835, 638)
(836, 639)
(837, 640)
(838, 641)
(438, 206)
(439, 206)
(440, 206)
(438, 207)
(438, 208)
(439, 208)
(440, 208)
(441, 206)
(441, 208)
(442, 206)
(442, 208)
(443, 206)
(443, 208)
(444, 206)
(444, 208)
(445, 206)
(445, 208)
(446, 206)
