(14, 144)
(15, 143)
(16, 142)
(17, 141)
(18, 140)
(19, 139)
(20, 138)
(21, 137)
(22, 136)
(23, 135)
(24, 134)
(25, 133)
(26, 132)
(27, 132)
(28, 132)
(29, 132)
(30, 132)
(31, 132)
(32, 132)
(33, 132)
(34, 133)
(35, 134)
(36, 135)
(36, 136)
(36, 137)
(36, 138)
(36, 139)
(37, 140)
(38, 141)
(39, 142)
(40, 143)
(41, 144)
(42, 145)
(43, 146)
(44, 147)
(45, 148)
(46, 149)
(47, 150)
(48, 151)
(49, 152)
(50, 153)
(51, 154)
(52, 155)
(53, 156)
(54, 157)
(55, 158)
(56, 159)
(57, 160)
(58, 161)
(59, 162)
(60, 163)
(61, 164)
(62, 164)
(63, 164)
(64, 164)
(65, 164)
(66, 164)
(67, 164)
(67, 165)
(67, 166)
(67, 167)
(67, 168)
(67, 169)
(67, 170)
(67, 171)
(67, 172)
(67, 173)
(68, 173)
(69, 173)
(70, 173)
(71, 173)
(72, 173)
(73, 173)
(74, 173)
(75, 173)
(76, 173)
(77, 173)
(78, 173)
(78, 172)
(78, 171)
(78, 170)
(78, 169)
(78, 168)
(78, 167)
(78, 166)
(79, 166)
(80, 166)
(81, 166)
(82, 166)
(83, 166)
(84, 166)
(85, 166)
(86, 165)
(87, 164)
(88, 163)
(89, 162)
(90, 161)
(90, 160)
(91, 161)
(92, 162)
(93, 163)
(94, 163)
(95, 162)
(96, 161)
(97, 160)
(98, 159)
(99, 158)
(100, 158)
(101, 157)
(102, 156)
(103, 155)
(104, 154)
(105, 154)
(106, 154)
(107, 154)
(108, 154)
(109, 154)
(110, 154)
(111, 154)
(112, 154)
(113, 154)
(114, 154)
(115, 155)
(116, 156)
(117, 157)
(118, 158)
(119, 159)
(120, 160)
(121, 161)
(122, 162)
(123, 163)
(124, 164)
(125, 165)
(126, 166)
(127, 167)
(128, 168)
(129, 169)
(130, 168)
(131, 167)
(132, 166)
(133, 165)
(134, 165)
(135, 165)
(136, 165)
(137, 165)
(138, 165)
(139, 166)
(140, 167)
(141, 168)
(142, 169)
(143, 169)
(144, 169)
(145, 169)
(146, 169)
(147, 168)
(148, 167)
(149, 166)
(150, 165)
(151, 164)
(152, 163)
(153, 162)
(154, 161)
(155, 160)
(156, 159)
(155, 158)
(154, 157)
(153, 156)
(152, 155)
(151, 154)
(152, 153)
(153, 152)
(154, 151)
(155, 150)
(156, 149)
(157, 148)
(156, 147)
(155, 146)
(154, 145)
(153, 144)
(152, 143)
(151, 142)
(150, 141)
(149, 140)
(149, 139)
(149, 138)
(149, 137)
(149, 136)
(150, 135)
(151, 134)
(152, 133)
(153, 132)
(154, 131)
(155, 130)
(155, 129)
(155, 128)
(155, 127)
(155, 126)
(155, 125)
(155, 124)
(154, 123)
(153, 122)
(152, 121)
(151, 120)
(150, 119)
(149, 118)
(148, 117)
(147, 116)
(146, 115)
(145, 114)
(144, 113)
(143, 112)
(142, 111)
(142, 110)
(142, 109)
(142, 108)
(142, 107)
(142, 106)
(142, 105)
(142, 104)
(142, 103)
(142, 102)
(142, 101)
(142, 100)
(142, 99)
(142, 98)
(143, 97)
(144, 96)
(145, 95)
(146, 94)
(147, 93)
(148, 92)
(149, 91)
(150, 90)
(151, 89)
(151, 88)
(151, 87)
(151, 86)
(151, 85)
(151, 84)
(151, 83)
(151, 82)
(151, 81)
(151, 80)
(151, 79)
(151, 78)
(152, 78)
(153, 78)
(154, 78)
(155, 78)
(156, 78)
(157, 78)
(158, 78)
(159, 78)
(160, 78)
(161, 78)
(162, 78)
(163, 78)
(164, 78)
(165, 78)
(166, 77)
(167, 76)
(168, 75)
(169, 74)
(170, 73)
(171, 72)
(172, 73)
(173, 74)
(174, 75)
(175, 76)
(176, 77)
(177, 78)
(178, 79)
(179, 80)
(180, 81)
(181, 82)
(165, 76)
(164, 75)
(163, 74)
(162, 73)
(161, 73)
(160, 73)
(159, 73)
(158, 73)
(157, 74)
(156, 75)
(155, 76)
(154, 77)
(152, 79)
(150, 77)
(149, 76)
(148, 75)
(147, 74)
(146, 73)
(145, 72)
(144, 71)
(143, 70)
(142, 69)
(141, 68)
(140, 67)
(139, 66)
(138, 65)
(137, 64)
(136, 63)
(135, 62)
(135, 61)
(135, 60)
(135, 59)
(135, 58)
(135, 57)
(135, 56)
(135, 55)
(135, 54)
(135, 53)
(135, 52)
(134, 51)
(133, 50)
(132, 49)
(131, 48)
(130, 47)
(130, 46)
(130, 45)
(130, 44)
(130, 43)
(130, 42)
(130, 41)
(130, 40)
(131, 39)
(132, 38)
(133, 37)
(134, 36)
(135, 35)
(136, 34)
(137, 34)
(138, 34)
(139, 34)
(140, 34)
(141, 34)
(142, 34)
(143, 35)
(144, 36)
(145, 37)
(146, 38)
(147, 38)
(148, 38)
(149, 38)
(150, 38)
(151, 38)
(152, 38)
(153, 38)
(154, 38)
(155, 37)
(156, 36)
(157, 35)
(158, 34)
(159, 33)
(160, 32)
(161, 31)
(162, 30)
(163, 29)
(164, 28)
(165, 27)
(166, 26)
(167, 25)
(168, 24)
(169, 23)
(170, 22)
(171, 21)
(172, 20)
(173, 19)
(174, 18)
(175, 17)
(174, 16)
(173, 15)
(172, 14)
(171, 13)
(170, 12)
(169, 13)
(168, 14)
(167, 15)
(166, 16)
(165, 15)
(164, 14)
(163, 13)
(162, 12)
(161, 11)
(160, 10)
(159, 9)
(158, 8)
(157, 9)
(156, 10)
(155, 11)
(154, 12)
(154, 13)
(154, 14)
(154, 15)
(154, 16)
(155, 17)
(156, 18)
(157, 19)
(158, 20)
(159, 21)
(160, 22)
(161, 23)
(162, 24)
(163, 25)
(164, 26)
(166, 28)
(165, 29)
(164, 30)
(163, 31)
(162, 32)
(161, 33)
(160, 34)
(159, 35)
(158, 36)
(157, 37)
(156, 38)
(155, 39)
(154, 40)
(153, 39)
(151, 37)
(150, 37)
(149, 37)
(148, 37)
(147, 37)
(146, 37)
(144, 37)
(143, 37)
(142, 37)
(141, 37)
(140, 36)
(139, 35)
(137, 33)
(136, 33)
(135, 33)
(134, 33)
(133, 34)
(132, 35)
(131, 36)
(130, 37)
(129, 38)
(128, 39)
(127, 39)
(126, 39)
(125, 39)
(124, 39)
(123, 39)
(122, 39)
(121, 39)
(120, 39)
(119, 39)
(118, 39)
(117, 39)
(116, 38)
(115, 37)
(114, 36)
(113, 35)
(112, 34)
(111, 35)
(110, 36)
(109, 37)
(108, 38)
(107, 39)
(106, 39)
(105, 39)
(104, 39)
(103, 39)
(102, 39)
(101, 39)
(100, 39)
(99, 39)
(98, 39)
(97, 39)
(96, 39)
(95, 40)
(94, 41)
(93, 42)
(92, 43)
(91, 44)
(90, 45)
(90, 46)
(90, 47)
(90, 48)
(90, 49)
(90, 50)
(90, 51)
(90, 52)
(90, 53)
(90, 54)
(90, 55)
(90, 56)
(90, 57)
(90, 58)
(90, 59)
(90, 60)
(89, 61)
(88, 62)
(87, 63)
(86, 64)
(86, 65)
(86, 66)
(86, 67)
(86, 68)
(86, 69)
(86, 70)
(86, 71)
(86, 72)
(86, 73)
(86, 74)
(86, 75)
(86, 76)
(87, 77)
(88, 78)
(89, 79)
(90, 80)
(91, 81)
(92, 82)
(93, 83)
(94, 84)
(95, 85)
(96, 86)
(97, 87)
(98, 88)
(99, 89)
(100, 90)
(100, 91)
(100, 92)
(100, 93)
(100, 94)
(100, 95)
(100, 96)
(100, 97)
(100, 98)
(100, 99)
(100, 100)
(100, 101)
(100, 102)
(100, 103)
(100, 104)
(100, 105)
(100, 106)
(100, 107)
(100, 108)
(100, 109)
(101, 110)
(102, 111)
(103, 112)
(104, 113)
(105, 114)
(106, 115)
(107, 116)
(108, 117)
(109, 118)
(110, 119)
(111, 120)
(112, 121)
(113, 122)
(114, 123)
(115, 124)
(116, 125)
(117, 126)
(118, 127)
(85, 77)
(84, 78)
(83, 79)
(82, 80)
(82, 81)
(82, 82)
(82, 83)
(82, 84)
(82, 85)
(81, 86)
(80, 87)
(79, 88)
(78, 89)
(77, 89)
(76, 89)
(75, 89)
(74, 89)
(73, 89)
(72, 89)
(72, 90)
(72, 91)
(72, 92)
(72, 93)
(72, 94)
(72, 95)
(71, 95)
(70, 95)
(69, 95)
(68, 95)
(67, 95)
(66, 95)
(65, 96)
(64, 97)
(63, 98)
(62, 99)
(61, 100)
(60, 101)
(59, 102)
(58, 103)
(57, 103)
(56, 103)
(55, 103)
(54, 103)
(53, 103)
(52, 103)
(51, 103)
(50, 103)
(49, 103)
(48, 103)
(47, 103)
(46, 103)
(45, 103)
(44, 103)
(43, 104)
(42, 105)
(41, 106)
(40, 107)
(39, 108)
(38, 107)
(37, 106)
(36, 105)
(35, 104)
(34, 103)
(33, 102)
(32, 101)
(31, 100)
(31, 99)
(31, 98)
(31, 97)
(31, 96)
(31, 95)
(31, 94)
(31, 93)
(31, 92)
(31, 91)
(31, 90)
(30, 89)
(29, 88)
(28, 87)
(27, 86)
(26, 85)
(25, 84)
(25, 83)
(25, 82)
(25, 81)
(25, 80)
(25, 79)
(25, 78)
(25, 77)
(25, 76)
(25, 75)
(25, 74)
(24, 73)
(23, 72)
(22, 71)
(21, 70)
(20, 69)
(19, 68)
(18, 67)
(19, 66)
(20, 65)
(21, 64)
(22, 63)
(23, 62)
(24, 61)
(25, 60)
(26, 59)
(27, 58)
(28, 57)
(29, 56)
(30, 55)
(31, 54)
(32, 53)
(33, 52)
(33, 51)
(33, 50)
(33, 49)
(33, 48)
(33, 47)
(33, 46)
(33, 45)
(33, 44)
(33, 43)
(33, 42)
(33, 41)
(33, 40)
(33, 39)
(33, 38)
(33, 37)
(33, 36)
(34, 37)
(35, 38)
(36, 39)
(37, 40)
(38, 41)
(39, 42)
(38, 43)
(37, 44)
(36, 45)
(35, 46)
(34, 47)
(32, 49)
(31, 50)
(31, 51)
(31, 52)
(31, 53)
(31, 55)
(31, 56)
(31, 57)
(30, 58)
(29, 59)
(28, 60)
(27, 61)
(26, 62)
(25, 63)
(24, 64)
(23, 65)
(22, 66)
(21, 67)
(22, 68)
(23, 69)
(24, 70)
(25, 71)
(26, 72)
(27, 73)
(28, 74)
(29, 75)
(30, 76)
(31, 77)
(32, 78)
(31, 79)
(30, 80)
(29, 81)
(28, 82)
(27, 83)
(26, 84)
(25, 85)
(24, 86)
(23, 87)
(24, 88)
(25, 89)
(26, 90)
(27, 91)
(28, 92)
(29, 93)
(30, 94)
(32, 96)
(32, 97)
(32, 98)
(32, 99)
(32, 100)
(32, 102)
(32, 103)
(32, 104)
(32, 105)
(32, 106)
(32, 107)
(32, 108)
(32, 109)
(32, 110)
(31, 109)
(30, 108)
(29, 107)
(28, 106)
(27, 105)
(26, 106)
(25, 107)
(24, 108)
(23, 109)
(22, 110)
(23, 111)
(24, 112)
(25, 113)
(26, 114)
(27, 115)
(28, 116)
(27, 117)
(26, 118)
(25, 119)
(24, 120)
(23, 121)
(22, 122)
(23, 123)
(24, 124)
(25, 125)
(26, 126)
(27, 127)
(28, 128)
(27, 129)
(26, 130)
(25, 131)
(24, 132)
(23, 133)
(22, 134)
(21, 135)
(20, 136)
(20, 137)
(15, 139)
(16, 139)
(17, 139)
(18, 139)
(13, 140)
(15, 140)
(16, 140)
(17, 140)
(19, 140)
(13, 141)
(15, 141)
(16, 141)
(18, 141)
(19, 141)
(12, 142)
(13, 142)
(15, 142)
(17, 142)
(18, 142)
(19, 142)
(11, 143)
(12, 143)
(13, 143)
(16, 143)
(17, 143)
(18, 143)
(19, 143)
(9, 145)
(10, 145)
(11, 145)
(12, 145)
(13, 145)
(15, 145)
(16, 145)
(17, 145)
(18, 145)
(19, 145)
(9, 146)
(10, 146)
(11, 146)
(12, 146)
(13, 146)
(15, 146)
(16, 146)
(17, 146)
(18, 146)
(9, 147)
(10, 147)
(11, 147)
(12, 147)
(13, 147)
(15, 147)
(16, 147)
(17, 147)
(11, 148)
(12, 148)
(13, 148)
(15, 148)
(16, 148)
(12, 149)
(13, 149)
(15, 149)
(16, 138)
(17, 138)
(18, 138)
(19, 138)
(20, 139)
(14, 140)
(20, 140)
(14, 141)
(20, 141)
(14, 142)
(20, 142)
(10, 144)
(11, 144)
(12, 144)
(13, 144)
(16, 144)
(17, 144)
(18, 144)
(19, 144)
(20, 144)
(14, 145)
(14, 146)
(14, 147)
(14, 148)
(17, 137)
(18, 137)
(19, 137)
(21, 138)
(21, 139)
(21, 140)
(21, 141)
(14, 143)
(20, 143)
(21, 143)
(15, 144)
(18, 136)
(19, 136)
(21, 136)
(22, 137)
(22, 138)
(22, 139)
(22, 140)
(21, 142)
(22, 142)
(19, 135)
(20, 135)
(22, 135)
(17, 136)
(23, 136)
(23, 137)
(23, 138)
(23, 139)
(22, 141)
(23, 141)
(20, 134)
(21, 134)
(23, 134)
(24, 135)
(24, 136)
(24, 137)
(24, 138)
(23, 140)
(24, 140)
(21, 133)
(22, 133)
(24, 133)
(25, 134)
(25, 135)
(25, 136)
(25, 137)
(24, 139)
(25, 139)
(22, 132)
(23, 132)
(25, 132)
(25, 138)
(23, 131)
(24, 131)
(23, 130)
(24, 130)
(25, 130)
(26, 131)
(26, 133)
(26, 134)
(26, 136)
(26, 137)
(26, 138)
(23, 129)
(24, 129)
(25, 129)
(26, 129)
(27, 130)
(27, 131)
(27, 133)
(26, 135)
(27, 135)
(27, 136)
(27, 137)
(22, 128)
(24, 128)
(25, 128)
(26, 128)
(27, 128)
(28, 129)
(28, 130)
(28, 131)
(27, 134)
(28, 134)
(28, 135)
(28, 136)
(22, 127)
(23, 127)
(25, 127)
(26, 127)
(28, 127)
(29, 127)
(23, 128)
(29, 128)
(29, 129)
(29, 130)
(29, 131)
(28, 133)
(29, 133)
(29, 134)
(29, 135)
(21, 126)
(22, 126)
(23, 126)
(24, 126)
(27, 126)
(28, 126)
(30, 126)
(24, 127)
(30, 127)
(30, 128)
(30, 129)
(30, 130)
(30, 133)
(30, 134)
(30, 135)
(21, 125)
(22, 125)
(23, 125)
(24, 125)
(27, 125)
(28, 125)
(30, 125)
(31, 125)
(25, 126)
(31, 126)
(31, 127)
(31, 128)
(31, 129)
(30, 131)
(31, 131)
(31, 133)
(31, 134)
(31, 135)
(22, 124)
(23, 124)
(25, 124)
(26, 124)
(28, 124)
(30, 124)
(31, 124)
(32, 124)
(26, 125)
(32, 125)
(32, 126)
(32, 127)
(32, 128)
(31, 130)
(32, 130)
(32, 131)
(32, 133)
(32, 134)
(24, 123)
(25, 123)
(26, 123)
(27, 123)
(29, 123)
(30, 123)
(31, 123)
(32, 123)
(33, 123)
(27, 124)
(33, 124)
(33, 125)
(33, 126)
(33, 127)
(32, 129)
(33, 129)
(33, 130)
(33, 131)
(33, 133)
(23, 122)
(24, 122)
(25, 122)
(26, 122)
(28, 122)
(29, 122)
(30, 122)
(31, 122)
(32, 122)
(22, 123)
(28, 123)
(21, 121)
(22, 121)
(24, 121)
(25, 121)
(27, 121)
(28, 121)
(29, 121)
(30, 121)
(31, 121)
(21, 122)
(27, 122)
(21, 123)
(21, 124)
(20, 120)
(21, 120)
(22, 120)
(23, 120)
(26, 120)
(27, 120)
(28, 120)
(29, 120)
(30, 120)
(20, 121)
(26, 121)
(20, 122)
(20, 123)
(20, 124)
(20, 119)
(21, 119)
(22, 119)
(23, 119)
(26, 119)
(27, 119)
(28, 119)
(29, 119)
(19, 120)
(25, 120)
(19, 121)
(19, 122)
(19, 123)
(20, 125)
(21, 118)
(22, 118)
(24, 118)
(25, 118)
(27, 118)
(28, 118)
(24, 119)
(18, 120)
(18, 121)
(18, 122)
(19, 124)
(23, 118)
(23, 117)
(24, 117)
(26, 117)
(24, 116)
(25, 116)
(27, 116)
(25, 117)
(28, 117)
(25, 115)
(26, 115)
(28, 115)
(26, 116)
(29, 116)
(29, 118)
(27, 114)
(29, 117)
(30, 117)
(30, 118)
(25, 114)
(28, 114)
(24, 113)
(27, 113)
(24, 115)
(24, 111)
(23, 112)
(23, 114)
(24, 114)
(23, 115)
(23, 110)
(22, 111)
(23, 113)
(21, 109)
(22, 109)
(25, 109)
(21, 110)
(22, 112)
(20, 108)
(21, 108)
(23, 108)
(20, 109)
(21, 111)
(21, 107)
(22, 107)
(24, 107)
(22, 108)
(25, 108)
(22, 106)
(23, 106)
(25, 106)
(23, 107)
(26, 107)
(26, 105)
(24, 106)
(27, 106)
(27, 108)
(27, 104)
(28, 104)
(25, 105)
(28, 105)
(27, 107)
(28, 107)
(28, 108)
(28, 103)
(29, 103)
(29, 104)
(29, 106)
(30, 104)
(29, 105)
(30, 105)
(30, 107)
(29, 108)
(31, 105)
(30, 106)
(31, 106)
(31, 108)
(28, 109)
(30, 109)
(31, 107)
(29, 109)
(29, 110)
(31, 110)
(33, 107)
(33, 108)
(30, 110)
(33, 110)
(29, 111)
(32, 111)
(33, 111)
(34, 108)
(33, 109)
(34, 109)
(31, 111)
(34, 111)
(33, 112)
(34, 112)
(34, 107)
(34, 110)
(33, 106)
(34, 106)
(33, 105)
(34, 105)
(31, 104)
(33, 104)
(34, 104)
(30, 103)
(31, 103)
(33, 103)
(30, 102)
(31, 102)
(34, 102)
(30, 101)
(31, 101)
(33, 101)
(34, 101)
(30, 100)
(33, 100)
(30, 99)
(30, 98)
(30, 97)
(33, 97)
(30, 96)
(33, 96)
(30, 95)
(33, 95)
(33, 94)
(30, 93)
(32, 93)
(33, 93)
(29, 94)
(32, 94)
(29, 96)
(29, 97)
(29, 92)
(32, 92)
(28, 93)
(28, 95)
(29, 95)
(32, 95)
(28, 96)
(28, 91)
(30, 91)
(27, 92)
(30, 92)
(27, 94)
(28, 94)
(27, 95)
(27, 90)
(29, 90)
(30, 90)
(26, 91)
(29, 91)
(27, 93)
(26, 89)
(28, 89)
(29, 89)
(25, 90)
(28, 90)
(26, 92)
(25, 88)
(27, 88)
(28, 88)
(24, 89)
(27, 89)
(25, 91)
(24, 87)
(26, 87)
(27, 87)
(23, 88)
(26, 88)
(22, 86)
(23, 86)
(25, 86)
(26, 86)
(22, 87)
(25, 87)
(21, 85)
(22, 85)
(24, 85)
(22, 84)
(23, 84)
(23, 85)
(23, 83)
(24, 83)
(26, 83)
(24, 84)
(27, 84)
(24, 82)
(27, 82)
(28, 83)
(27, 85)
(28, 85)
(28, 86)
(26, 81)
(28, 81)
(26, 82)
(29, 82)
(28, 84)
(29, 84)
(29, 85)
(26, 80)
(27, 80)
(29, 80)
(27, 81)
(30, 81)
(29, 83)
(27, 79)
(28, 79)
(30, 79)
(28, 80)
(31, 80)
(28, 78)
(29, 78)
(31, 78)
(29, 79)
(32, 79)
(29, 77)
(30, 77)
(32, 77)
(33, 77)
(30, 78)
(33, 78)
(31, 76)
(33, 76)
(30, 75)
(29, 76)
(32, 76)
(29, 74)
(28, 75)
(31, 75)
(28, 77)
(28, 73)
(27, 74)
(30, 74)
(27, 76)
(28, 76)
(27, 77)
(27, 72)
(26, 73)
(29, 73)
(26, 75)
(27, 75)
(26, 76)
(26, 71)
(25, 72)
(28, 72)
(26, 74)
(25, 70)
(24, 71)
(25, 73)
(24, 74)
(24, 69)
(23, 70)
(24, 72)
(23, 73)
(23, 68)
(22, 69)
(23, 71)
(22, 72)
(22, 67)
(24, 67)
(25, 67)
(21, 68)
(24, 68)
(25, 68)
(22, 70)
(21, 71)
(20, 66)
(21, 66)
(23, 66)
(24, 66)
(20, 67)
(23, 67)
(21, 69)
(20, 70)
(19, 65)
(22, 65)
(20, 68)
(19, 69)
(20, 64)
(23, 64)
(21, 65)
(24, 65)
(21, 63)
(24, 63)
(22, 64)
(25, 64)
(25, 66)
(22, 62)
(25, 62)
(23, 63)
(26, 63)
(25, 65)
(26, 65)
(26, 66)
(23, 61)
(26, 61)
(24, 62)
(27, 62)
(26, 64)
(27, 64)
(27, 65)
(24, 60)
(27, 60)
(25, 61)
(28, 61)
(27, 63)
(28, 63)
(28, 64)
(25, 59)
(28, 59)
(26, 60)
(29, 60)
(28, 62)
(29, 62)
(29, 63)
(26, 58)
(29, 58)
(27, 59)
(30, 59)
(29, 61)
(30, 61)
(30, 62)
(27, 57)
(30, 57)
(28, 58)
(31, 58)
(30, 60)
(31, 60)
(31, 61)
(28, 56)
(32, 56)
(29, 57)
(32, 57)
(31, 59)
(32, 59)
(32, 60)
(29, 55)
(32, 55)
(33, 55)
(30, 56)
(33, 56)
(32, 58)
(33, 58)
(33, 59)
(29, 54)
(30, 54)
(32, 54)
(33, 54)
(33, 57)
(29, 53)
(30, 53)
(33, 53)
(29, 52)
(30, 52)
(32, 52)
(29, 51)
(30, 51)
(32, 51)
(29, 50)
(30, 50)
(32, 50)
(29, 49)
(30, 49)
(29, 48)
(30, 48)
(32, 48)
(30, 47)
(31, 47)
(31, 48)
(34, 48)
(34, 50)
(34, 51)
(31, 46)
(32, 46)
(34, 46)
(32, 47)
(35, 47)
(31, 49)
(34, 49)
(35, 49)
(35, 50)
(32, 45)
(35, 45)
(36, 46)
(35, 48)
(36, 48)
(36, 49)
(34, 44)
(36, 44)
(34, 45)
(37, 45)
(36, 47)
(37, 47)
(37, 48)
(34, 43)
(35, 43)
(37, 43)
(35, 44)
(38, 44)
(37, 46)
(38, 46)
(38, 47)
(35, 42)
(36, 42)
(38, 42)
(36, 43)
(39, 43)
(38, 45)
(39, 45)
(39, 46)
(36, 41)
(37, 41)
(39, 41)
(40, 41)
(37, 42)
(40, 42)
(39, 44)
(40, 44)
(40, 45)
(38, 40)
(40, 40)
(41, 40)
(41, 41)
(40, 43)
(41, 43)
(41, 44)
(37, 39)
(39, 39)
(40, 39)
(36, 40)
(39, 40)
(36, 38)
(38, 38)
(39, 38)
(35, 39)
(38, 39)
(35, 41)
(35, 37)
(37, 37)
(38, 37)
(34, 38)
(37, 38)
(34, 40)
(35, 40)
(34, 41)
(34, 36)
(36, 36)
(37, 36)
(36, 37)
(34, 39)
(32, 35)
(33, 35)
(35, 35)
(36, 35)
(32, 36)
(35, 36)
(32, 38)
(32, 39)
(31, 34)
(32, 34)
(34, 34)
(35, 34)
(31, 35)
(34, 35)
(31, 37)
(32, 37)
(31, 38)
(31, 36)
(31, 39)
(31, 40)
(32, 40)
(31, 41)
(32, 41)
(31, 42)
(32, 42)
(34, 42)
(31, 43)
(32, 43)
(31, 44)
(32, 44)
(31, 45)
(35, 51)
(34, 52)
(35, 52)
(34, 53)
(35, 53)
(34, 54)
(35, 54)
(34, 55)
(28, 53)
(28, 54)
(27, 54)
(27, 55)
(28, 55)
(26, 55)
(26, 56)
(27, 56)
(25, 56)
(25, 57)
(26, 57)
(24, 57)
(24, 58)
(25, 58)
(23, 58)
(23, 59)
(24, 59)
(22, 59)
(22, 60)
(23, 60)
(21, 60)
(21, 61)
(22, 61)
(20, 61)
(20, 62)
(21, 62)
(19, 62)
(19, 63)
(20, 63)
(18, 63)
(18, 64)
(19, 64)
(18, 66)
(19, 67)
(17, 64)
(17, 65)
(18, 65)
(17, 67)
(17, 68)
(18, 68)
(16, 65)
(16, 66)
(17, 66)
(16, 68)
(16, 69)
(17, 69)
(18, 69)
(17, 70)
(18, 70)
(19, 70)
(18, 71)
(19, 71)
(20, 71)
(19, 72)
(20, 72)
(21, 72)
(20, 73)
(21, 73)
(22, 73)
(21, 74)
(22, 74)
(23, 74)
(22, 75)
(23, 75)
(24, 75)
(23, 76)
(24, 76)
(23, 77)
(24, 77)
(26, 77)
(23, 78)
(24, 78)
(26, 78)
(27, 78)
(23, 79)
(24, 79)
(26, 79)
(23, 80)
(24, 80)
(23, 81)
(24, 81)
(23, 82)
(29, 87)
(30, 85)
(29, 86)
(30, 86)
(30, 88)
(31, 86)
(30, 87)
(31, 87)
(31, 89)
(32, 87)
(31, 88)
(32, 88)
(32, 90)
(32, 91)
(33, 88)
(32, 89)
(33, 89)
(33, 91)
(33, 92)
(33, 90)
(29, 98)
(33, 98)
(29, 99)
(33, 99)
(29, 100)
(29, 101)
(29, 102)
(34, 99)
(34, 100)
(35, 100)
(35, 101)
(35, 103)
(36, 101)
(35, 102)
(36, 102)
(36, 104)
(35, 105)
(37, 102)
(36, 103)
(37, 103)
(37, 105)
(36, 106)
(38, 103)
(37, 104)
(38, 104)
(35, 106)
(38, 106)
(35, 107)
(37, 107)
(39, 104)
(38, 105)
(39, 105)
(36, 107)
(39, 107)
(35, 108)
(36, 108)
(38, 108)
(40, 105)
(39, 106)
(40, 106)
(37, 108)
(40, 108)
(36, 109)
(37, 109)
(39, 109)
(40, 109)
(41, 107)
(38, 109)
(41, 109)
(37, 110)
(38, 110)
(40, 110)
(41, 110)
(41, 105)
(42, 106)
(41, 108)
(42, 108)
(42, 109)
(40, 104)
(42, 104)
(43, 105)
(42, 107)
(43, 107)
(43, 108)
(40, 103)
(41, 103)
(43, 103)
(41, 104)
(44, 104)
(43, 106)
(44, 106)
(44, 107)
(41, 102)
(42, 102)
(44, 102)
(45, 102)
(42, 103)
(44, 105)
(45, 105)
(45, 106)
(42, 101)
(43, 101)
(45, 101)
(46, 101)
(43, 102)
(46, 102)
(45, 104)
(46, 104)
(46, 105)
(44, 101)
(47, 101)
(47, 102)
(47, 104)
(47, 105)
(48, 101)
(48, 102)
(48, 104)
(48, 105)
(49, 101)
(49, 102)
(49, 104)
(49, 105)
(50, 101)
(50, 102)
(50, 104)
(50, 105)
(51, 101)
(51, 102)
(51, 104)
(51, 105)
(52, 101)
(52, 102)
(52, 104)
(52, 105)
(53, 101)
(53, 102)
(53, 104)
(53, 105)
(54, 101)
(54, 102)
(54, 104)
(54, 105)
(55, 101)
(55, 102)
(55, 104)
(55, 105)
(56, 101)
(56, 102)
(56, 104)
(56, 105)
(57, 101)
(57, 102)
(57, 104)
(57, 105)
(58, 101)
(58, 102)
(58, 104)
(58, 105)
(59, 101)
(59, 104)
(59, 105)
(60, 102)
(60, 104)
(60, 105)
(57, 100)
(58, 100)
(60, 100)
(61, 101)
(60, 103)
(61, 103)
(61, 104)
(58, 99)
(59, 99)
(61, 99)
(59, 100)
(62, 100)
(61, 102)
(62, 102)
(59, 103)
(62, 103)
(59, 98)
(60, 98)
(62, 98)
(60, 99)
(63, 99)
(62, 101)
(63, 101)
(63, 102)
(60, 97)
(61, 97)
(63, 97)
(61, 98)
(64, 98)
(63, 100)
(64, 100)
(64, 101)
(61, 96)
(62, 96)
(64, 96)
(62, 97)
(65, 97)
(64, 99)
(65, 99)
(65, 100)
(62, 95)
(63, 95)
(65, 95)
(63, 96)
(66, 96)
(65, 98)
(66, 98)
(66, 99)
(63, 94)
(64, 94)
(66, 94)
(67, 94)
(64, 95)
(66, 97)
(67, 97)
(67, 98)
(64, 93)
(65, 93)
(67, 93)
(68, 93)
(65, 94)
(68, 94)
(67, 96)
(68, 96)
(68, 97)
(66, 93)
(69, 93)
(69, 94)
(69, 96)
(69, 97)
(70, 93)
(70, 94)
(70, 96)
(70, 97)
(71, 93)
(71, 94)
(71, 96)
(71, 97)
(72, 96)
(72, 97)
(73, 93)
(73, 94)
(73, 96)
(73, 97)
(74, 93)
(74, 94)
(74, 96)
(74, 97)
(70, 92)
(71, 92)
(73, 92)
(74, 92)
(73, 95)
(74, 95)
(70, 91)
(71, 91)
(73, 91)
(74, 91)
(70, 90)
(71, 90)
(73, 90)
(74, 90)
(70, 89)
(71, 89)
(70, 88)
(71, 88)
(73, 88)
(74, 88)
(70, 87)
(71, 87)
(73, 87)
(74, 87)
(72, 87)
(75, 87)
(72, 88)
(75, 88)
(75, 90)
(75, 91)
(76, 87)
(76, 88)
(76, 90)
(76, 91)
(77, 87)
(77, 88)
(77, 90)
(77, 91)
(78, 87)
(78, 88)
(78, 90)
(78, 91)
(79, 87)
(79, 90)
(79, 91)
(80, 88)
(80, 90)
(80, 91)
(77, 86)
(78, 86)
(80, 86)
(81, 87)
(80, 89)
(81, 89)
(81, 90)
(78, 85)
(79, 85)
(81, 85)
(79, 86)
(82, 86)
(81, 88)
(82, 88)
(79, 89)
(82, 89)
(79, 84)
(80, 84)
(83, 84)
(80, 85)
(83, 85)
(82, 87)
(83, 87)
(83, 88)
(80, 83)
(81, 83)
(83, 83)
(84, 83)
(81, 84)
(84, 84)
(83, 86)
(84, 86)
(84, 87)
(80, 82)
(81, 82)
(83, 82)
(84, 82)
(84, 85)
(80, 81)
(81, 81)
(83, 81)
(84, 81)
(80, 80)
(81, 80)
(83, 80)
(84, 80)
(80, 79)
(81, 79)
(84, 79)
(80, 78)
(81, 78)
(83, 78)
(81, 77)
(82, 77)
(84, 77)
(82, 78)
(85, 78)
(85, 80)
(85, 81)
(82, 76)
(83, 76)
(85, 76)
(83, 77)
(86, 77)
(82, 79)
(85, 79)
(86, 79)
(86, 80)
(83, 75)
(84, 75)
(87, 75)
(84, 76)
(87, 76)
(86, 78)
(87, 78)
(87, 79)
(84, 74)
(85, 74)
(87, 74)
(88, 74)
(85, 75)
(88, 75)
(88, 77)
(89, 75)
(88, 76)
(89, 76)
(89, 78)
(88, 79)
(90, 76)
(89, 77)
(90, 77)
(90, 79)
(87, 80)
(89, 80)
(91, 77)
(90, 78)
(91, 78)
(88, 80)
(91, 80)
(87, 81)
(88, 81)
(90, 81)
(92, 78)
(91, 79)
(92, 79)
(89, 81)
(92, 81)
(88, 82)
(89, 82)
(91, 82)
(93, 79)
(92, 80)
(93, 80)
(90, 82)
(93, 82)
(89, 83)
(90, 83)
(92, 83)
(94, 80)
(93, 81)
(94, 81)
(91, 83)
(94, 83)
(90, 84)
(91, 84)
(93, 84)
(95, 81)
(94, 82)
(95, 82)
(92, 84)
(95, 84)
(91, 85)
(92, 85)
(94, 85)
(96, 82)
(95, 83)
(96, 83)
(93, 85)
(96, 85)
(92, 86)
(93, 86)
(95, 86)
(97, 83)
(96, 84)
(97, 84)
(94, 86)
(97, 86)
(93, 87)
(94, 87)
(96, 87)
(98, 84)
(97, 85)
(98, 85)
(95, 87)
(98, 87)
(94, 88)
(95, 88)
(97, 88)
(99, 85)
(98, 86)
(99, 86)
(96, 88)
(99, 88)
(95, 89)
(96, 89)
(98, 89)
(100, 86)
(99, 87)
(100, 87)
(97, 89)
(100, 89)
(96, 90)
(97, 90)
(99, 90)
(101, 87)
(100, 88)
(101, 88)
(98, 90)
(101, 90)
(97, 91)
(98, 91)
(101, 91)
(102, 88)
(101, 89)
(102, 89)
(99, 91)
(102, 91)
(98, 92)
(99, 92)
(101, 92)
(102, 92)
(102, 90)
(98, 93)
(99, 93)
(101, 93)
(102, 93)
(98, 94)
(99, 94)
(101, 94)
(102, 94)
(98, 95)
(99, 95)
(101, 95)
(102, 95)
(98, 96)
(99, 96)
(101, 96)
(102, 96)
(98, 97)
(99, 97)
(101, 97)
(102, 97)
(98, 98)
(99, 98)
(101, 98)
(102, 98)
(98, 99)
(99, 99)
(101, 99)
(102, 99)
(98, 100)
(99, 100)
(101, 100)
(102, 100)
(98, 101)
(99, 101)
(101, 101)
(102, 101)
(98, 102)
(99, 102)
(101, 102)
(102, 102)
(98, 103)
(99, 103)
(101, 103)
(102, 103)
(98, 104)
(99, 104)
(101, 104)
(102, 104)
(98, 105)
(99, 105)
(101, 105)
(102, 105)
(98, 106)
(99, 106)
(101, 106)
(102, 106)
(98, 107)
(99, 107)
(101, 107)
(102, 107)
(98, 108)
(99, 108)
(101, 108)
(102, 108)
(98, 109)
(99, 109)
(101, 109)
(102, 109)
(98, 110)
(99, 110)
(102, 110)
(98, 111)
(99, 111)
(101, 111)
(103, 108)
(103, 109)
(100, 111)
(103, 111)
(99, 112)
(100, 112)
(102, 112)
(104, 109)
(100, 110)
(103, 110)
(104, 110)
(101, 112)
(104, 112)
(100, 113)
(101, 113)
(103, 113)
(105, 110)
(104, 111)
(105, 111)
(102, 113)
(105, 113)
(101, 114)
(102, 114)
(104, 114)
(106, 111)
(105, 112)
(33, 134)
(34, 130)
(34, 131)
(34, 134)
(35, 130)
(35, 131)
(35, 133)
(36, 131)
(35, 132)
(36, 132)
(36, 134)
(32, 135)
(33, 135)
(35, 135)
(34, 132)
(37, 132)
(36, 133)
(37, 133)
(34, 135)
(33, 136)
(34, 136)
(37, 136)
(37, 134)
(35, 136)
(34, 137)
(35, 137)
(37, 137)
(38, 137)
(34, 138)
(35, 138)
(37, 138)
(38, 138)
(34, 139)
(35, 139)
(37, 139)
(38, 139)
(34, 140)
(35, 140)
(38, 140)
(35, 141)
(37, 141)
(39, 139)
(36, 141)
(39, 141)
(35, 142)
(36, 142)
(38, 142)
(36, 140)
(39, 140)
(40, 140)
(37, 142)
(40, 142)
(36, 143)
(37, 143)
(39, 143)
(41, 140)
(40, 141)
(41, 141)
(38, 143)
(41, 143)
(37, 144)
(38, 144)
(40, 144)
(42, 141)
(41, 142)
(42, 142)
(39, 144)
(42, 144)
(38, 145)
(39, 145)
(41, 145)
(43, 142)
(42, 143)
(43, 143)
(40, 145)
(43, 145)
(42, 146)
(44, 143)
(43, 144)
(44, 144)
(41, 146)
(44, 146)
(41, 147)
(43, 147)
(45, 144)
(44, 145)
(45, 145)
(42, 147)
(45, 147)
(44, 148)
(46, 145)
(45, 146)
(46, 146)
(43, 148)
(46, 148)
(42, 149)
(43, 149)
(45, 149)
(47, 146)
(46, 147)
(47, 147)
(44, 149)
(47, 149)
(43, 150)
(44, 150)
(46, 150)
(48, 147)
(47, 148)
(48, 148)
(45, 150)
(48, 150)
(44, 151)
(45, 151)
(47, 151)
(49, 148)
(48, 149)
(49, 149)
(46, 151)
(49, 151)
(45, 152)
(46, 152)
(48, 152)
(50, 149)
(49, 150)
(50, 150)
(47, 152)
(50, 152)
(46, 153)
(47, 153)
(49, 153)
(51, 150)
(50, 151)
(51, 151)
(48, 153)
(51, 153)
(47, 154)
(48, 154)
(50, 154)
(52, 151)
(51, 152)
(52, 152)
(49, 154)
(52, 154)
(48, 155)
(49, 155)
(51, 155)
(53, 152)
(52, 153)
(53, 153)
(50, 155)
(53, 155)
(49, 156)
(50, 156)
(52, 156)
(54, 153)
(53, 154)
(54, 154)
(51, 156)
(54, 156)
(50, 157)
(51, 157)
(53, 157)
(55, 154)
(54, 155)
(55, 155)
(52, 157)
(55, 157)
(51, 158)
(52, 158)
(54, 158)
(56, 155)
(55, 156)
(56, 156)
(53, 158)
(56, 158)
(52, 159)
(53, 159)
(55, 159)
(57, 156)
(56, 157)
(57, 157)
(54, 159)
(57, 159)
(53, 160)
(54, 160)
(56, 160)
(58, 157)
(57, 158)
(58, 158)
(55, 160)
(58, 160)
(54, 161)
(55, 161)
(57, 161)
(59, 158)
(58, 159)
(59, 159)
(56, 161)
(59, 161)
(55, 162)
(56, 162)
(58, 162)
(60, 159)
(59, 160)
(60, 160)
(57, 162)
(60, 162)
(56, 163)
(57, 163)
(59, 163)
(61, 160)
(60, 161)
(61, 161)
(58, 163)
(61, 163)
(57, 164)
(58, 164)
(60, 164)
(62, 161)
(61, 162)
(62, 162)
(59, 164)
(58, 165)
(59, 165)
(61, 165)
(62, 165)
(63, 162)
(62, 163)
(63, 163)
(60, 165)
(63, 165)
(59, 166)
(60, 166)
(62, 166)
(63, 166)
(64, 162)
(64, 163)
(64, 165)
(61, 166)
(64, 166)
(65, 162)
(65, 163)
(65, 165)
(65, 166)
(66, 162)
(66, 163)
(66, 165)
(66, 166)
(67, 162)
(67, 163)
(68, 162)
(68, 163)
(68, 165)
(68, 166)
(69, 162)
(69, 163)
(69, 165)
(69, 166)
(68, 164)
(69, 164)
(65, 167)
(66, 167)
(68, 167)
(69, 167)
(65, 168)
(66, 168)
(68, 168)
(69, 168)
(65, 169)
(66, 169)
(68, 169)
(69, 169)
(65, 170)
(66, 170)
(68, 170)
(69, 170)
(65, 171)
(66, 171)
(68, 171)
(69, 171)
(65, 172)
(66, 172)
(68, 172)
(69, 172)
(65, 173)
(66, 173)
(65, 174)
(66, 174)
(68, 174)
(69, 174)
(65, 175)
(66, 175)
(68, 175)
(69, 175)
(70, 171)
(70, 172)
(67, 174)
(70, 174)
(67, 175)
(70, 175)
(71, 171)
(71, 172)
(71, 174)
(71, 175)
(72, 171)
(72, 172)
(72, 174)
(72, 175)
(73, 171)
(73, 172)
(73, 174)
(73, 175)
(74, 171)
(74, 172)
(74, 174)
(74, 175)
(75, 171)
(75, 172)
(75, 174)
(75, 175)
(76, 171)
(76, 172)
(76, 174)
(76, 175)
(77, 171)
(77, 172)
(77, 174)
(77, 175)
(78, 174)
(78, 175)
(79, 171)
(79, 172)
(79, 174)
(79, 175)
(80, 171)
(80, 172)
(80, 174)
(80, 175)
(76, 170)
(77, 170)
(79, 170)
(80, 170)
(79, 173)
(80, 173)
(77, 169)
(79, 169)
(80, 169)
(77, 168)
(79, 168)
(80, 168)
(76, 167)
(77, 167)
(79, 167)
(80, 167)
(76, 166)
(77, 166)
(76, 165)
(77, 165)
(79, 165)
(80, 165)
(76, 164)
(77, 164)
(79, 164)
(80, 164)
(78, 164)
(81, 164)
(78, 165)
(81, 165)
(81, 167)
(81, 168)
(82, 164)
(82, 165)
(82, 167)
(82, 168)
(83, 164)
(83, 165)
(83, 167)
(83, 168)
(84, 164)
(84, 165)
(84, 167)
(84, 168)
(85, 164)
(85, 165)
(85, 167)
(85, 168)
(86, 164)
(86, 167)
(86, 168)
(87, 165)
(87, 167)
(84, 163)
(85, 163)
(87, 163)
(88, 164)
(87, 166)
(88, 166)
(85, 162)
(86, 162)
(88, 162)
(86, 163)
(89, 163)
(88, 165)
(89, 165)
(86, 166)
(86, 161)
(87, 161)
(89, 161)
(87, 162)
(90, 162)
(89, 164)
(90, 164)
(87, 160)
(88, 160)
(91, 160)
(88, 161)
(90, 163)
(91, 163)
(91, 164)
(88, 159)
(89, 159)
(91, 159)
(92, 159)
(89, 160)
(92, 160)
(91, 162)
(92, 163)
(88, 158)
(89, 158)
(91, 158)
(92, 161)
(90, 159)
(93, 159)
(93, 160)
(93, 162)
(94, 160)
(93, 161)
(94, 161)
(93, 164)
(94, 164)
(95, 161)
(94, 162)
(92, 164)
(95, 164)
(91, 165)
(92, 165)
(94, 165)
(95, 165)
(96, 162)
(96, 164)
(93, 165)
(96, 165)
(96, 160)
(97, 161)
(96, 163)
(97, 163)
(97, 164)
(94, 159)
(95, 159)
(97, 159)
(95, 160)
(98, 160)
(97, 162)
(98, 162)
(95, 163)
(98, 163)
(98, 158)
(96, 159)
(99, 159)
(98, 161)
(99, 161)
(99, 162)
(99, 157)
(100, 157)
(97, 158)
(99, 160)
(100, 160)
(100, 161)
(98, 156)
(100, 156)
(101, 156)
(98, 157)
(100, 159)
(101, 159)
(101, 160)
(99, 156)
(102, 157)
(102, 159)
(102, 160)
(99, 155)
(100, 155)
(102, 155)
(103, 156)
(102, 158)
(103, 158)
(100, 154)
(101, 154)
(103, 154)
(101, 155)
(104, 155)
(103, 157)
(104, 157)
(101, 158)
(101, 153)
(102, 153)
(104, 153)
(105, 153)
(102, 154)
(104, 156)
(105, 156)
(105, 157)
(102, 152)
(103, 152)
(105, 152)
(106, 152)
(103, 153)
(106, 153)
(105, 155)
(106, 155)
(106, 156)
(104, 152)
(107, 152)
(107, 153)
(107, 155)
(107, 156)
(108, 152)
(108, 153)
(108, 155)
(108, 156)
(109, 152)
(109, 153)
(109, 155)
(109, 156)
(110, 152)
(110, 153)
(110, 155)
(110, 156)
(111, 152)
(111, 153)
(111, 155)
(111, 156)
(112, 152)
(112, 153)
(112, 155)
(112, 156)
(113, 152)
(113, 153)
(113, 155)
(113, 156)
(114, 152)
(114, 153)
(114, 155)
(114, 156)
(115, 153)
(115, 156)
(116, 155)
(116, 154)
(117, 156)
(113, 157)
(114, 157)
(116, 157)
(115, 154)
(117, 155)
(115, 157)
(118, 157)
(114, 158)
(115, 158)
(117, 158)
(118, 156)
(119, 156)
(116, 158)
(119, 158)
(115, 159)
(116, 159)
(118, 159)
(119, 157)
(117, 159)
(120, 159)
(116, 160)
(117, 160)
(119, 160)
(120, 158)
(118, 160)
(121, 160)
(117, 161)
(118, 161)
(120, 161)
(121, 159)
(119, 161)
(122, 161)
(118, 162)
(119, 162)
(121, 162)
(122, 160)
(123, 160)
(120, 162)
(123, 162)
(119, 163)
(120, 163)
(122, 163)
(123, 161)
(121, 163)
(124, 163)
(120, 164)
(121, 164)
(123, 164)
(124, 162)
(122, 164)
(125, 164)
(121, 165)
(122, 165)
(124, 165)
(125, 163)
(123, 165)
(126, 165)
(122, 166)
(123, 166)
(125, 166)
(126, 164)
(127, 164)
(124, 166)
(127, 166)
(123, 167)
(124, 167)
(126, 167)
(128, 164)
(127, 165)
(128, 165)
(125, 167)
(128, 167)
(124, 168)
(125, 168)
(127, 168)
(129, 165)
(128, 166)
(129, 166)
(126, 168)
(129, 168)
(125, 169)
(126, 169)
(128, 169)
(130, 166)
(129, 167)
(130, 167)
(127, 169)
(130, 169)
(126, 170)
(127, 170)
(129, 170)
(130, 170)
(131, 168)
(128, 170)
(131, 170)
(127, 171)
(128, 171)
(130, 171)
(131, 171)
(131, 166)
(132, 167)
(131, 169)
(132, 169)
(132, 170)
(130, 165)
(132, 165)
(133, 166)
(132, 168)
(133, 168)
(133, 169)
(130, 164)
(131, 164)
(133, 164)
(134, 164)
(131, 165)
(133, 167)
(134, 167)
(134, 168)
(131, 163)
(132, 163)
(134, 163)
(135, 163)
(132, 164)
(135, 164)
(134, 166)
(135, 166)
(135, 167)
(133, 163)
(136, 163)
(136, 164)
(136, 166)
(136, 167)
(137, 163)
(137, 164)
(137, 166)
(137, 167)
(138, 163)
(138, 164)
(138, 166)
(138, 167)
(139, 163)
(139, 164)
(139, 167)
(140, 163)
(140, 164)
(140, 166)
(141, 164)
(140, 165)
(141, 165)
(141, 167)
(137, 168)
(138, 168)
(140, 168)
(139, 165)
(142, 165)
(141, 166)
(142, 166)
(139, 168)
(142, 168)
(138, 169)
(139, 169)
(141, 169)
(143, 166)
(142, 167)
(143, 167)
(140, 169)
(139, 170)
(140, 170)
(142, 170)
(143, 170)
(144, 167)
(143, 168)
(144, 168)
(141, 170)
(144, 170)
(140, 171)
(141, 171)
(143, 171)
(144, 171)
(145, 167)
(145, 168)
(145, 170)
(142, 171)
(145, 171)
(146, 167)
(146, 168)
(146, 170)
(146, 171)
(147, 167)
(147, 170)
(147, 171)
(148, 168)
(148, 171)
(145, 166)
(146, 166)
(148, 166)
(149, 167)
(148, 169)
(146, 165)
(147, 165)
(149, 165)
(147, 166)
(150, 166)
(149, 168)
(150, 168)
(147, 169)
(147, 164)
(148, 164)
(150, 164)
(148, 165)
(151, 165)
(150, 167)
(151, 167)
(151, 168)
(148, 163)
(149, 163)
(151, 163)
(149, 164)
(152, 164)
(151, 166)
(152, 166)
(152, 167)
(149, 162)
(150, 162)
(152, 162)
(150, 163)
(153, 163)
(152, 165)
(153, 165)
(153, 166)
(150, 161)
(151, 161)
(153, 161)
(151, 162)
(154, 162)
(153, 164)
(151, 160)
(152, 160)
(154, 160)
(152, 161)
(155, 161)
(154, 163)
(155, 163)
(152, 159)
(153, 159)
(155, 159)
(153, 160)
(156, 160)
(155, 162)
(156, 162)
(156, 163)
(153, 158)
(154, 158)
(156, 158)
(157, 158)
(154, 159)
(157, 159)
(156, 161)
(157, 161)
(157, 162)
(155, 157)
(157, 157)
(158, 157)
(158, 158)
(157, 160)
(158, 160)
(158, 161)
(154, 156)
(156, 156)
(157, 156)
(153, 157)
(156, 157)
(153, 155)
(155, 155)
(156, 155)
(152, 156)
(155, 156)
(152, 158)
(152, 154)
(154, 154)
(155, 154)
(151, 155)
(154, 155)
(151, 157)
(152, 157)
(151, 158)
(150, 153)
(151, 153)
(153, 153)
(154, 153)
(150, 154)
(153, 154)
(150, 156)
(151, 156)
(150, 157)
(150, 152)
(152, 152)
(149, 153)
(149, 155)
(150, 155)
(149, 156)
(151, 151)
(153, 151)
(151, 152)
(154, 152)
(152, 150)
(154, 150)
(152, 151)
(155, 151)
(155, 153)
(152, 149)
(153, 149)
(155, 149)
(153, 150)
(156, 150)
(155, 152)
(156, 152)
(156, 153)
(153, 148)
(154, 148)
(156, 148)
(154, 149)
(157, 149)
(156, 151)
(157, 151)
(157, 152)
(154, 147)
(155, 147)
(157, 147)
(155, 148)
(157, 150)
(158, 149)
(154, 146)
(153, 145)
(153, 147)
(152, 144)
(153, 146)
(152, 142)
(151, 143)
(152, 145)
(151, 141)
(153, 141)
(150, 142)
(151, 144)
(150, 140)
(152, 140)
(153, 140)
(149, 141)
(152, 141)
(148, 139)
(151, 139)
(152, 139)
(148, 140)
(151, 140)
(147, 138)
(148, 138)
(150, 138)
(151, 138)
(147, 139)
(150, 139)
(147, 137)
(148, 137)
(150, 137)
(151, 137)
(147, 136)
(148, 136)
(150, 136)
(151, 136)
(147, 135)
(148, 135)
(151, 135)
(147, 134)
(148, 134)
(150, 134)
(148, 133)
(149, 133)
(151, 133)
(149, 134)
(152, 134)
(152, 136)
(152, 137)
(149, 132)
(150, 132)
(152, 132)
(150, 133)
(153, 133)
(149, 135)
(152, 135)
(153, 135)
(153, 136)
(150, 131)
(151, 131)
(153, 131)
(151, 132)
(154, 132)
(153, 134)
(154, 134)
(154, 135)
(151, 130)
(152, 130)
(154, 130)
(152, 131)
(155, 131)
(154, 133)
(155, 133)
(155, 134)
(152, 129)
(153, 129)
(156, 129)
(153, 130)
(156, 130)
(155, 132)
(156, 132)
(156, 133)
(153, 128)
(154, 128)
(156, 128)
(157, 128)
(154, 129)
(157, 129)
(156, 131)
(157, 131)
(157, 132)
(153, 127)
(154, 127)
(156, 127)
(157, 127)
(157, 130)
(153, 126)
(154, 126)
(156, 126)
(157, 126)
(153, 125)
(154, 125)
(156, 125)
(157, 125)
(153, 124)
(154, 124)
(156, 124)
(157, 124)
(153, 123)
(156, 123)
(157, 123)
(154, 122)
(153, 121)
(152, 122)
(155, 122)
(152, 124)
(152, 125)
(152, 120)
(151, 121)
(154, 121)
(151, 123)
(152, 123)
(155, 123)
(151, 124)
(151, 119)
(150, 120)
(153, 120)
(150, 122)
(151, 122)
(150, 123)
(150, 118)
(152, 118)
(149, 119)
(152, 119)
(149, 121)
(150, 121)
(149, 122)
(149, 117)
(151, 117)
(152, 117)
(148, 118)
(151, 118)
(148, 120)
(149, 120)
(148, 121)
(148, 116)
(150, 116)
(151, 116)
(147, 117)
(150, 117)
(147, 119)
(148, 119)
(147, 120)
(147, 115)
(149, 115)
(150, 115)
(146, 116)
(149, 116)
(146, 118)
(147, 118)
(146, 119)
(146, 114)
(148, 114)
(149, 114)
(145, 115)
(148, 115)
(145, 117)
(146, 117)
(145, 118)
(145, 113)
(147, 113)
(148, 113)
(144, 114)
(147, 114)
(144, 116)
(145, 116)
(144, 117)
(144, 112)
(146, 112)
(143, 113)
(146, 113)
(143, 115)
(144, 115)
(143, 116)
(143, 111)
(145, 111)
(146, 111)
(142, 112)
(145, 112)
(142, 114)
(143, 114)
(142, 115)
(141, 110)
(144, 110)
(145, 110)
(141, 111)
(144, 111)
(141, 113)
(142, 113)
(141, 114)
(140, 109)
(141, 109)
(143, 109)
(144, 109)
(140, 110)
(143, 110)
(140, 112)
(141, 112)
(140, 113)
(140, 108)
(141, 108)
(143, 108)
(144, 108)
(140, 111)
(140, 107)
(141, 107)
(143, 107)
(144, 107)
(140, 106)
(141, 106)
(143, 106)
(144, 106)
(140, 105)
(141, 105)
(143, 105)
(144, 105)
(140, 104)
(141, 104)
(143, 104)
(144, 104)
(140, 103)
(141, 103)
(143, 103)
(144, 103)
(141, 102)
(143, 102)
(144, 102)
(141, 101)
(143, 101)
(144, 101)
(141, 100)
(143, 100)
(144, 100)
(140, 99)
(141, 99)
(143, 99)
(144, 99)
(140, 98)
(141, 98)
(143, 98)
(144, 98)
(140, 97)
(141, 97)
(144, 97)
(140, 96)
(141, 96)
(143, 96)
(141, 95)
(142, 95)
(144, 95)
(142, 96)
(145, 96)
(145, 98)
(145, 99)
(142, 94)
(143, 94)
(145, 94)
(143, 95)
(146, 95)
(142, 97)
(145, 97)
(146, 97)
(143, 93)
(144, 93)
(146, 93)
(144, 94)
(147, 94)
(146, 96)
(147, 96)
(144, 92)
(145, 92)
(147, 92)
(145, 93)
(148, 93)
(147, 95)
(148, 95)
(145, 91)
(146, 91)
(148, 91)
(146, 92)
(149, 92)
(148, 94)
(149, 94)
(146, 90)
(147, 90)
(149, 90)
(147, 91)
(150, 91)
(149, 93)
(150, 93)
(150, 94)
(147, 89)
(148, 89)
(150, 89)
(148, 90)
(151, 90)
(150, 92)
(151, 92)
(148, 88)
(149, 88)
(152, 88)
(149, 89)
(152, 89)
(151, 91)
(152, 91)
(149, 87)
(150, 87)
(152, 87)
(150, 88)
(152, 90)
(153, 90)
(153, 91)
(149, 86)
(150, 86)
(152, 86)
(153, 86)
(153, 89)
(149, 85)
(150, 85)
(152, 85)
(153, 85)
(149, 84)
(150, 84)
(152, 84)
(153, 84)
(149, 83)
(150, 83)
(152, 83)
(153, 83)
(149, 82)
(150, 82)
(152, 82)
(153, 82)
(149, 81)
(150, 81)
(152, 81)
(153, 81)
(149, 80)
(150, 80)
(152, 80)
(153, 80)
(149, 79)
(150, 79)
(153, 79)
(149, 78)
(150, 78)
(149, 77)
(152, 77)
(153, 77)
(150, 76)
(152, 76)
(153, 76)
(151, 76)
(154, 76)
(151, 77)
(154, 79)
(154, 80)
(155, 77)
(155, 79)
(155, 80)
(156, 76)
(156, 77)
(156, 79)
(156, 80)
(157, 76)
(157, 77)
(157, 79)
(158, 76)
(158, 77)
(158, 79)
(158, 80)
(159, 76)
(159, 77)
(159, 79)
(159, 80)
(160, 76)
(160, 77)
(160, 79)
(160, 80)
(161, 76)
(161, 77)
(161, 79)
(161, 80)
(162, 76)
(162, 77)
(162, 79)
(162, 80)
(163, 76)
(163, 77)
(163, 79)
(163, 80)
(164, 76)
(164, 77)
(164, 79)
(164, 80)
(165, 77)
(165, 79)
(165, 80)
(166, 76)
(166, 79)
(167, 77)
(167, 79)
(165, 75)
(167, 75)
(168, 76)
(167, 78)
(168, 78)
(165, 74)
(166, 74)
(168, 74)
(166, 75)
(169, 75)
(168, 77)
(166, 78)
(166, 73)
(167, 73)
(169, 73)
(167, 74)
(170, 74)
(169, 76)
(170, 76)
(167, 72)
(168, 72)
(170, 72)
(168, 73)
(171, 73)
(170, 75)
(171, 75)
(171, 76)
(168, 71)
(169, 71)
(171, 71)
(172, 71)
(169, 72)
(172, 72)
(171, 74)
(172, 74)
(172, 75)
(169, 70)
(170, 70)
(172, 70)
(173, 70)
(170, 71)
(173, 71)
(173, 73)
(174, 71)
(173, 72)
(174, 72)
(174, 74)
(173, 75)
(175, 72)
(174, 73)
(175, 73)
(175, 75)
(172, 76)
(174, 76)
(176, 73)
(175, 74)
(176, 74)
(173, 76)
(176, 76)
(172, 77)
(173, 77)
(175, 77)
(177, 74)
(176, 75)
(177, 75)
(174, 77)
(177, 77)
(173, 78)
(174, 78)
(176, 78)
(178, 75)
(177, 76)
(178, 76)
(175, 78)
(178, 78)
(174, 79)
(175, 79)
(177, 79)
(179, 76)
(178, 77)
(179, 77)
(176, 79)
(179, 79)
(175, 80)
(176, 80)
(178, 80)
(180, 77)
(179, 78)
(180, 78)
(177, 80)
(180, 80)
(176, 81)
(177, 81)
(179, 81)
(181, 78)
(180, 79)
(181, 79)
(178, 81)
(181, 81)
(177, 82)
(178, 82)
(180, 82)
(182, 79)
(181, 80)
(182, 80)
(179, 82)
(182, 82)
(178, 83)
(179, 83)
(181, 83)
(182, 83)
(183, 80)
(182, 81)
(183, 81)
(180, 83)
(183, 83)
(179, 84)
(180, 84)
(182, 84)
(183, 84)
(164, 74)
(163, 75)
(163, 73)
(165, 73)
(162, 74)
(161, 72)
(164, 72)
(165, 72)
(164, 73)
(161, 75)
(162, 75)
(160, 71)
(31, 136)
(32, 136)
(32, 137)
(33, 128)
(33, 137)
(34, 127)
(34, 128)
(34, 129)
(35, 127)
(35, 128)
(35, 129)
(36, 127)
(36, 128)
(36, 129)
(36, 130)
(37, 127)
(37, 128)
(37, 129)
(37, 130)
(37, 131)
(38, 127)
(38, 128)
(38, 129)
(38, 130)
(38, 131)
(39, 128)
(39, 129)
(39, 130)
(33, 138)
(40, 129)
(33, 139)
(35, 143)
(34, 144)
(35, 144)
(36, 144)
(35, 145)
(36, 145)
(37, 145)
(33, 146)
(35, 146)
(36, 146)
(37, 146)
(38, 146)
(34, 147)
(35, 147)
(36, 147)
(37, 147)
(35, 148)
(36, 148)
(37, 148)
(38, 148)
(45, 143)
(37, 149)
(38, 149)
(37, 150)
(38, 150)
(39, 150)
(40, 150)
(38, 151)
(39, 151)
(40, 151)
(41, 151)
(42, 151)
(43, 151)
(39, 152)
(40, 152)
(41, 152)
(42, 152)
(43, 152)
(49, 147)
(44, 152)
(40, 153)
(41, 153)
(42, 153)
(43, 153)
(44, 153)
(45, 153)
(41, 154)
(42, 154)
(43, 154)
(44, 154)
(45, 154)
(46, 154)
(42, 155)
(43, 155)
(44, 155)
(45, 155)
(46, 155)
(47, 155)
(43, 156)
(44, 156)
(45, 156)
(46, 156)
(47, 156)
(53, 151)
(48, 156)
(44, 157)
(45, 157)
(46, 157)
(47, 157)
(45, 158)
(46, 158)
(46, 159)
(57, 155)
(61, 159)
(62, 159)
(63, 159)
(62, 160)
(63, 160)
(64, 159)
(64, 160)
(63, 161)
(64, 161)
(60, 167)
(61, 167)
(62, 167)
(63, 167)
(64, 167)
(65, 158)
(65, 159)
(65, 160)
(65, 161)
(59, 167)
(59, 168)
(61, 168)
(62, 168)
(63, 168)
(64, 168)
(66, 159)
(66, 160)
(66, 161)
(60, 168)
(58, 169)
(59, 169)
(60, 169)
(62, 169)
(63, 169)
(64, 169)
(67, 159)
(67, 160)
(67, 161)
(61, 169)
(68, 159)
(68, 160)
(68, 161)
(69, 159)
(69, 160)
(69, 161)
(70, 159)
(70, 160)
(70, 161)
(70, 162)
(70, 169)
(71, 159)
(71, 162)
(71, 163)
(71, 168)
(71, 169)
(72, 159)
(72, 163)
(72, 169)
(72, 164)
(62, 170)
(63, 170)
(64, 170)
(70, 170)
(71, 170)
(72, 170)
(62, 171)
(63, 171)
(64, 171)
(62, 172)
(63, 172)
(64, 172)
(62, 173)
(63, 173)
(64, 173)
(62, 174)
(63, 174)
(62, 175)
(62, 176)
(69, 176)
(70, 176)
(71, 176)
(72, 176)
(70, 177)
(71, 177)
(72, 177)
(71, 178)
(72, 178)
(73, 176)
(73, 177)
(73, 178)
(74, 176)
(74, 177)
(74, 178)
(75, 176)
(75, 177)
(75, 178)
(76, 176)
(76, 177)
(76, 178)
(77, 176)
(77, 177)
(78, 176)
(81, 169)
(81, 170)
(81, 171)
(81, 172)
(82, 169)
(82, 170)
(82, 171)
(82, 172)
(83, 169)
(83, 170)
(81, 173)
(73, 166)
(75, 166)
(73, 165)
(74, 165)
(75, 165)
(73, 164)
(74, 164)
(75, 164)
(73, 163)
(74, 163)
(75, 163)
(76, 163)
(77, 163)
(79, 163)
(80, 163)
(81, 163)
(82, 163)
(83, 163)
(73, 162)
(74, 162)
(75, 162)
(76, 162)
(77, 162)
(79, 162)
(73, 161)
(74, 161)
(75, 161)
(76, 161)
(77, 161)
(78, 161)
(78, 162)
(78, 163)
(84, 169)
(85, 169)
(86, 159)
(86, 160)
(87, 158)
(90, 158)
(87, 159)
(93, 166)
(93, 167)
(88, 157)
(90, 157)
(94, 166)
(94, 167)
(89, 156)
(89, 157)
(95, 166)
(96, 166)
(97, 165)
(95, 167)
(96, 167)
(98, 164)
(94, 168)
(95, 168)
(99, 164)
(99, 163)
(100, 163)
(100, 162)
(98, 155)
(101, 161)
(99, 154)
(100, 153)
(98, 154)
(104, 151)
(105, 151)
(106, 151)
(107, 151)
(101, 152)
(107, 157)
(105, 150)
(106, 150)
(107, 150)
(108, 150)
(108, 151)
(108, 157)
(106, 149)
(107, 149)
(109, 151)
(109, 157)
(109, 158)
(109, 159)
(110, 151)
(110, 157)
(110, 158)
(111, 150)
(111, 151)
(111, 157)
(111, 158)
(111, 159)
(112, 150)
(112, 151)
(112, 157)
(112, 158)
(112, 159)
(113, 149)
(113, 150)
(113, 151)
(113, 158)
(113, 159)
(114, 149)
(114, 150)
(114, 151)
(114, 159)
(115, 149)
(115, 150)
(113, 160)
(114, 160)
(115, 160)
(113, 161)
(114, 161)
(115, 161)
(116, 161)
(114, 162)
(115, 162)
(116, 162)
(117, 162)
(114, 163)
(115, 163)
(116, 163)
(117, 163)
(118, 163)
(115, 164)
(116, 164)
(117, 164)
(118, 164)
(119, 164)
(116, 165)
(117, 165)
(118, 165)
(119, 165)
(120, 165)
(117, 166)
(118, 166)
(119, 166)
(120, 166)
(121, 166)
(119, 167)
(120, 167)
(121, 167)
(122, 167)
(121, 168)
(122, 168)
(123, 168)
(121, 169)
(122, 169)
(123, 169)
(129, 164)
(124, 169)
(122, 170)
(123, 170)
(124, 170)
(125, 170)
(122, 171)
(123, 171)
(124, 171)
(125, 171)
(129, 171)
(132, 162)
(126, 171)
(132, 171)
(123, 172)
(124, 172)
(125, 172)
(126, 172)
(131, 172)
(132, 172)
(133, 170)
(133, 171)
(127, 172)
(133, 172)
(124, 173)
(125, 173)
(126, 173)
(132, 173)
(133, 173)
(134, 170)
(134, 171)
(134, 172)
(134, 173)
(125, 174)
(126, 174)
(133, 174)
(134, 174)
(134, 169)
(135, 169)
(135, 170)
(135, 171)
(135, 172)
(133, 162)
(134, 162)
(135, 162)
(136, 162)
(135, 168)
(136, 168)
(136, 169)
(136, 170)
(136, 171)
(133, 161)
(134, 161)
(135, 161)
(136, 161)
(137, 161)
(137, 162)
(137, 169)
(137, 170)
(137, 171)
(132, 160)
(134, 160)
(135, 160)
(136, 160)
(137, 160)
(138, 160)
(132, 161)
(138, 161)
(138, 162)
(138, 170)
(133, 160)
(139, 160)
(139, 161)
(139, 162)
(140, 162)
(141, 163)
(142, 164)
(143, 164)
(143, 165)
(144, 165)
(145, 165)
(144, 166)
(139, 171)
(141, 172)
(142, 172)
(143, 172)
(144, 172)
(145, 172)
(146, 164)
(146, 172)
(142, 173)
(143, 173)
(144, 173)
(145, 173)
(146, 173)
(147, 172)
(141, 173)
(147, 173)
(143, 174)
(144, 174)
(145, 174)
(146, 174)
(147, 174)
(148, 172)
(148, 173)
(142, 174)
(148, 174)
(149, 173)
(149, 174)
(150, 173)
(150, 174)
(151, 170)
(151, 174)
(151, 169)
(152, 169)
(152, 170)
(147, 163)
(152, 168)
(153, 168)
(153, 169)
(153, 170)
(153, 171)
(148, 161)
(148, 162)
(153, 167)
(154, 167)
(154, 168)
(154, 169)
(154, 170)
(154, 171)
(149, 160)
(149, 161)
(154, 166)
(155, 167)
(155, 168)
(155, 169)
(155, 170)
(149, 159)
(150, 159)
(150, 160)
(156, 165)
(156, 166)
(156, 167)
(156, 168)
(156, 169)
(149, 158)
(150, 158)
(151, 159)
(156, 164)
(157, 164)
(157, 165)
(157, 166)
(157, 167)
(157, 168)
(148, 157)
(149, 157)
(158, 159)
(157, 163)
(158, 163)
(158, 164)
(158, 165)
(158, 166)
(158, 167)
(159, 158)
(159, 159)
(159, 160)
(158, 162)
(159, 162)
(159, 163)
(159, 164)
(159, 165)
(159, 166)
(160, 159)
(159, 161)
(160, 161)
(160, 162)
(160, 163)
(160, 164)
(160, 165)
(160, 160)
(161, 160)
(161, 161)
(161, 162)
(161, 163)
(161, 164)
(157, 153)
(156, 154)
(149, 154)
(148, 153)
(148, 154)
(148, 155)
(147, 153)
(147, 154)
(147, 156)
(148, 156)
(147, 155)
(153, 138)
(153, 139)
(146, 137)
(153, 137)
(154, 137)
(146, 138)
(152, 138)
(145, 136)
(146, 136)
(154, 136)
(155, 136)
(145, 137)
(144, 135)
(145, 135)
(146, 135)
(144, 136)
(144, 134)
(145, 134)
(146, 134)
(144, 133)
(145, 133)
(146, 133)
(147, 133)
(144, 132)
(145, 132)
(146, 132)
(147, 132)
(148, 132)
(146, 131)
(147, 131)
(148, 131)
(147, 130)
(148, 130)
(149, 130)
(149, 131)
(148, 129)
(149, 129)
(150, 129)
(150, 130)
(155, 135)
(156, 135)
(148, 128)
(149, 128)
(150, 128)
(151, 128)
(151, 129)
(156, 134)
(157, 134)
(149, 127)
(150, 127)
(151, 127)
(152, 127)
(158, 127)
(152, 128)
(158, 128)
(158, 129)
(158, 130)
(158, 131)
(157, 133)
(158, 133)
(158, 134)
(158, 135)
(149, 126)
(150, 126)
(151, 126)
(152, 126)
(158, 126)
(159, 126)
(159, 127)
(159, 128)
(159, 129)
(159, 130)
(158, 132)
(159, 133)
(159, 134)
(159, 135)
(159, 136)
(150, 125)
(151, 125)
(158, 125)
(160, 127)
(160, 128)
(160, 129)
(159, 131)
(160, 131)
(160, 134)
(160, 135)
(150, 124)
(160, 130)
(149, 124)
(149, 125)
(148, 123)
(149, 123)
(148, 124)
(153, 116)
(153, 117)
(147, 122)
(148, 122)
(147, 123)
(152, 115)
(153, 115)
(152, 116)
(146, 121)
(147, 121)
(151, 114)
(152, 114)
(153, 114)
(151, 115)
(145, 120)
(146, 120)
(151, 113)
(152, 113)
(153, 113)
(154, 113)
(150, 114)
(144, 119)
(145, 119)
(152, 112)
(153, 112)
(144, 118)
(151, 111)
(152, 111)
(143, 117)
(149, 110)
(150, 110)
(151, 110)
(146, 109)
(149, 109)
(150, 109)
(141, 115)
(139, 108)
(145, 108)
(146, 108)
(147, 108)
(148, 108)
(149, 108)
(139, 109)
(145, 109)
(139, 110)
(139, 111)
(139, 112)
(139, 114)
(140, 114)
(138, 107)
(139, 107)
(145, 107)
(146, 107)
(147, 107)
(148, 107)
(138, 108)
(138, 109)
(138, 110)
(138, 111)
(138, 113)
(139, 113)
(138, 106)
(139, 106)
(145, 106)
(146, 106)
(147, 106)
(137, 107)
(137, 108)
(137, 109)
(137, 110)
(137, 112)
(138, 112)
(139, 105)
(145, 105)
(146, 105)
(137, 111)
(145, 104)
(145, 101)
(145, 100)
(139, 98)
(139, 97)
(138, 96)
(139, 96)
(139, 95)
(140, 95)
(140, 94)
(141, 94)
(144, 91)
(148, 87)
(154, 90)
(148, 83)
(147, 82)
(148, 82)
(154, 82)
(147, 81)
(148, 81)
(154, 81)
(155, 81)
(146, 80)
(147, 80)
(148, 80)
(146, 79)
(147, 79)
(148, 79)
(146, 78)
(147, 78)
(148, 78)
(146, 77)
(147, 77)
(148, 77)
(146, 76)
(147, 76)
(148, 76)
(146, 75)
(147, 75)
(149, 75)
(150, 75)
(152, 75)
(153, 75)
(154, 75)
(155, 75)
(146, 74)
(148, 74)
(149, 74)
(150, 74)
(152, 74)
(153, 74)
(155, 74)
(156, 74)
(147, 73)
(148, 73)
(149, 73)
(150, 73)
(152, 73)
(153, 73)
(155, 73)
(156, 73)
(151, 73)
(157, 73)
(151, 74)
(151, 75)
(157, 75)
(158, 74)
(158, 75)
(159, 74)
(159, 75)
(159, 81)
(160, 74)
(160, 75)
(160, 81)
(160, 82)
(161, 74)
(161, 81)
(161, 82)
(161, 83)
(162, 81)
(162, 82)
(162, 83)
(163, 81)
(163, 72)
(164, 71)
(165, 71)
(166, 71)
(166, 72)
(171, 77)
(172, 78)
(165, 70)
(166, 70)
(167, 70)
(171, 70)
(167, 71)
(173, 79)
(166, 69)
(167, 69)
(168, 69)
(170, 69)
(171, 69)
(172, 69)
(173, 69)
(174, 69)
(168, 70)
(174, 70)
(166, 68)
(167, 68)
(168, 68)
(169, 68)
(171, 68)
(172, 68)
(173, 68)
(169, 69)
(175, 70)
(175, 71)
(168, 67)
(169, 67)
(170, 67)
(172, 67)
(170, 68)
(176, 71)
(176, 72)
(177, 72)
(177, 73)
(178, 73)
(178, 74)
(179, 74)
(179, 75)
(180, 75)
(174, 80)
(180, 76)
(181, 76)
(175, 81)
(181, 77)
(182, 77)
(176, 82)
(182, 78)
(183, 78)
(183, 82)
(177, 83)
(181, 84)
(183, 79)
(184, 79)
(184, 81)
(184, 82)
(184, 83)
(178, 84)
(184, 84)
(180, 85)
(181, 85)
(182, 85)
(183, 85)
(184, 85)
(184, 80)
(185, 80)
(185, 82)
(185, 83)
(185, 84)
(179, 85)
(185, 85)
(181, 86)
(182, 86)
(183, 86)
(184, 86)
(185, 86)
(185, 81)
(186, 81)
(186, 83)
(186, 84)
(186, 85)
(180, 86)
(186, 86)
(182, 87)
(183, 87)
(184, 87)
(185, 87)
(186, 87)
(160, 72)
(159, 70)
(159, 71)
(159, 72)
(158, 69)
(158, 70)
(158, 71)
(158, 72)
(157, 68)
(157, 69)
(157, 70)
(157, 71)
(157, 72)
(156, 68)
(156, 69)
(156, 70)
(155, 68)
(155, 69)
(155, 70)
(155, 71)
(155, 72)
(154, 68)
(154, 69)
(154, 70)
(154, 71)
(153, 68)
(153, 69)
(153, 70)
(153, 71)
(153, 72)
(152, 69)
(152, 70)
(152, 71)
(152, 72)
(151, 70)
(151, 71)
(151, 72)
(150, 71)
(150, 72)
(149, 72)
(146, 72)
(147, 72)
(148, 72)
(145, 73)
(145, 74)
(145, 75)
(145, 76)
(145, 78)
(145, 79)
(145, 71)
(146, 71)
(147, 71)
(148, 71)
(144, 72)
(144, 73)
(144, 74)
(144, 75)
(144, 77)
(145, 77)
(144, 78)
(144, 70)
(145, 70)
(146, 70)
(147, 70)
(149, 70)
(150, 70)
(143, 71)
(149, 71)
(143, 72)
(143, 73)
(143, 74)
(143, 76)
(144, 76)
(143, 69)
(144, 69)
(145, 69)
(146, 69)
(148, 69)
(149, 69)
(150, 69)
(151, 69)
(142, 70)
(148, 70)
(142, 71)
(142, 72)
(142, 73)
(143, 75)
(142, 68)
(143, 68)
(144, 68)
(145, 68)
(147, 68)
(148, 68)
(149, 68)
(150, 68)
(151, 68)
(141, 69)
(147, 69)
(141, 70)
(141, 71)
(141, 72)
(141, 74)
(142, 74)
(141, 67)
(142, 67)
(143, 67)
(144, 67)
(146, 67)
(147, 67)
(140, 68)
(146, 68)
(140, 69)
(140, 70)
(140, 71)
(140, 73)
(141, 73)
(140, 66)
(141, 66)
(142, 66)
(143, 66)
(145, 66)
(146, 66)
(139, 67)
(145, 67)
(139, 68)
(139, 69)
(139, 70)
(139, 72)
(140, 72)
(139, 73)
(139, 65)
(140, 65)
(141, 65)
(142, 65)
(144, 65)
(145, 65)
(138, 66)
(144, 66)
(138, 67)
(138, 68)
(138, 69)
(138, 71)
(139, 71)
(138, 72)
(138, 64)
(139, 64)
(140, 64)
(141, 64)
(143, 64)
(144, 64)
(145, 64)
(137, 65)
(143, 65)
(137, 66)
(137, 67)
(137, 68)
(137, 70)
(138, 70)
(137, 71)
(137, 63)
(138, 63)
(139, 63)
(140, 63)
(142, 63)
(143, 63)
(136, 64)
(142, 64)
(136, 65)
(136, 66)
(136, 67)
(136, 69)
(137, 69)
(136, 70)
(136, 62)
(137, 62)
(138, 62)
(139, 62)
(141, 62)
(142, 62)
(135, 63)
(141, 63)
(135, 64)
(135, 65)
(135, 66)
(135, 68)
(136, 68)
(135, 69)
(134, 61)
(136, 61)
(137, 61)
(138, 61)
(140, 61)
(141, 61)
(134, 62)
(140, 62)
(134, 63)
(134, 64)
(134, 65)
(134, 67)
(135, 67)
(134, 68)
(133, 60)
(134, 60)
(136, 60)
(137, 60)
(139, 60)
(140, 60)
(141, 60)
(133, 61)
(139, 61)
(133, 62)
(133, 63)
(133, 64)
(133, 66)
(134, 66)
(133, 67)
(132, 59)
(133, 59)
(134, 59)
(136, 59)
(138, 59)
(139, 59)
(132, 60)
(138, 60)
(132, 61)
(132, 62)
(132, 63)
(132, 65)
(133, 65)
(132, 66)
(131, 58)
(132, 58)
(133, 58)
(134, 58)
(137, 58)
(138, 58)
(131, 59)
(137, 59)
(131, 60)
(131, 61)
(131, 62)
(131, 64)
(132, 64)
(131, 65)
(130, 57)
(131, 57)
(132, 57)
(133, 57)
(134, 57)
(136, 57)
(137, 57)
(130, 58)
(136, 58)
(130, 59)
(130, 60)
(130, 61)
(130, 63)
(131, 63)
(130, 64)
(130, 56)
(131, 56)
(132, 56)
(133, 56)
(134, 56)
(136, 56)
(130, 62)
(132, 55)
(133, 55)
(134, 55)
(136, 55)
(132, 54)
(133, 54)
(134, 54)
(136, 54)
(137, 54)
(133, 53)
(134, 53)
(136, 53)
(137, 53)
(133, 52)
(134, 52)
(136, 52)
(137, 52)
(133, 51)
(136, 51)
(137, 51)
(132, 50)
(134, 50)
(136, 50)
(137, 50)
(138, 50)
(131, 49)
(133, 49)
(134, 49)
(136, 49)
(137, 49)
(132, 48)
(133, 48)
(134, 48)
(136, 48)
(137, 48)
(131, 47)
(132, 47)
(133, 47)
(134, 47)
(129, 46)
(131, 46)
(132, 46)
(133, 46)
(135, 47)
(135, 48)
(135, 49)
(135, 50)
(128, 45)
(129, 45)
(131, 45)
(132, 45)
(134, 46)
(135, 51)
(128, 44)
(129, 44)
(131, 44)
(133, 45)
(127, 43)
(128, 43)
(129, 43)
(132, 43)
(132, 44)
(127, 42)
(128, 42)
(129, 42)
(131, 42)
(132, 42)
(133, 42)
(131, 43)
(125, 41)
(126, 41)
(127, 41)
(128, 41)
(129, 41)
(131, 41)
(132, 41)
(133, 41)
(125, 40)
(126, 40)
(127, 40)
(128, 40)
(129, 40)
(131, 40)
(132, 40)
(133, 40)
(129, 39)
(132, 39)
(133, 39)
(125, 38)
(126, 38)
(127, 38)
(128, 38)
(131, 38)
(133, 38)
(134, 38)
(125, 37)
(126, 37)
(127, 37)
(128, 37)
(129, 37)
(131, 37)
(132, 37)
(134, 37)
(135, 37)
(125, 36)
(126, 36)
(127, 36)
(128, 36)
(129, 36)
(132, 36)
(133, 36)
(135, 36)
(125, 35)
(126, 35)
(127, 35)
(128, 35)
(129, 35)
(131, 35)
(133, 35)
(134, 35)
(126, 34)
(127, 34)
(128, 34)
(129, 34)
(132, 34)
(134, 34)
(135, 34)
(136, 35)
(130, 36)
(136, 36)
(130, 38)
(127, 33)
(128, 33)
(129, 33)
(131, 33)
(133, 33)
(131, 34)
(137, 35)
(130, 39)
(128, 32)
(129, 32)
(130, 32)
(131, 32)
(134, 32)
(135, 32)
(136, 32)
(137, 32)
(138, 32)
(138, 33)
(138, 35)
(129, 31)
(130, 31)
(131, 31)
(132, 31)
(133, 31)
(135, 31)
(136, 31)
(137, 31)
(138, 31)
(139, 31)
(133, 32)
(139, 32)
(139, 33)
(130, 30)
(131, 30)
(132, 30)
(133, 30)
(134, 30)
(137, 30)
(138, 30)
(139, 30)
(140, 30)
(134, 31)
(140, 31)
(140, 32)
(140, 33)
(139, 36)
(131, 29)
(132, 29)
(138, 29)
(139, 29)
(140, 29)
(141, 29)
(141, 32)
(141, 33)
(140, 35)
(141, 35)
(141, 36)
(141, 38)
(142, 33)
(142, 35)
(142, 36)
(142, 38)
(142, 39)
(143, 36)
(143, 38)
(143, 39)
(144, 35)
(144, 38)
(144, 39)
(145, 35)
(145, 36)
(145, 38)
(145, 39)
(146, 35)
(146, 36)
(146, 39)
(147, 35)
(147, 36)
(147, 39)
(148, 36)
(148, 39)
(142, 40)
(144, 40)
(145, 40)
(146, 40)
(147, 40)
(148, 40)
(143, 34)
(149, 34)
(148, 35)
(149, 35)
(149, 39)
(143, 40)
(149, 40)
(143, 41)
(145, 41)
(146, 41)
(147, 41)
(150, 33)
(150, 34)
(150, 35)
(149, 36)
(150, 36)
(150, 39)
(144, 41)
(144, 42)
(146, 42)
(151, 34)
(151, 35)
(151, 36)
(151, 39)
(151, 40)
(145, 42)
(145, 43)
(152, 35)
(152, 36)
(152, 37)
(152, 39)
(152, 40)
(146, 43)
(153, 35)
(153, 36)
(153, 37)
(153, 40)
(153, 41)
(153, 42)
(154, 35)
(154, 36)
(154, 37)
(154, 39)
(154, 41)
(154, 42)
(154, 43)
(155, 35)
(155, 36)
(155, 40)
(155, 41)
(155, 42)
(155, 43)
(156, 34)
(156, 35)
(156, 37)
(156, 39)
(156, 40)
(156, 41)
(156, 42)
(157, 33)
(157, 34)
(157, 36)
(157, 39)
(157, 40)
(158, 33)
(158, 35)
(158, 37)
(158, 39)
(159, 34)
(159, 36)
(159, 37)
(158, 32)
(159, 32)
(160, 33)
(160, 35)
(160, 36)
(157, 38)
(158, 38)
(158, 31)
(159, 31)
(160, 31)
(161, 32)
(161, 34)
(161, 35)
(155, 38)
(159, 30)
(160, 30)
(161, 30)
(162, 31)
(162, 33)
(162, 34)
(161, 36)
(162, 36)
(159, 29)
(160, 29)
(161, 29)
(162, 29)
(163, 30)
(163, 32)
(163, 33)
(162, 35)
(163, 35)
(163, 36)
(163, 37)
(160, 28)
(161, 28)
(162, 28)
(163, 28)
(164, 29)
(164, 31)
(164, 32)
(163, 34)
(164, 34)
(164, 35)
(164, 36)
(164, 37)
(164, 38)
(158, 27)
(159, 27)
(161, 27)
(162, 27)
(163, 27)
(164, 27)
(159, 28)
(165, 28)
(165, 30)
(165, 31)
(164, 33)
(165, 33)
(165, 34)
(165, 35)
(165, 36)
(165, 37)
(157, 26)
(158, 26)
(159, 26)
(160, 26)
(162, 26)
(163, 26)
(165, 26)
(160, 27)
(166, 27)
(166, 29)
(166, 30)
(165, 32)
(166, 32)
(166, 33)
(166, 34)
(166, 35)
(166, 36)
(157, 25)
(158, 25)
(159, 25)
(160, 25)
(161, 25)
(164, 25)
(165, 25)
(166, 25)
(161, 26)
(167, 26)
(167, 27)
(167, 28)
(166, 31)
(167, 31)
(167, 32)
(167, 33)
(167, 34)
(167, 35)
(158, 24)
(159, 24)
(160, 24)
(161, 24)
(164, 24)
(165, 24)
(166, 24)
(167, 24)
(162, 25)
(168, 25)
(168, 26)
(168, 27)
(168, 28)
(168, 32)
(168, 33)
(168, 34)
(159, 23)
(160, 23)
(162, 23)
(163, 23)
(165, 23)
(166, 23)
(167, 23)
(168, 23)
(163, 24)
(169, 24)
(169, 25)
(169, 26)
(169, 27)
(169, 29)
(169, 30)
(169, 31)
(169, 32)
(169, 33)
(161, 22)
(162, 22)
(163, 22)
(164, 22)
(166, 22)
(167, 22)
(168, 22)
(169, 22)
(164, 23)
(170, 23)
(170, 24)
(170, 26)
(169, 28)
(170, 28)
(170, 29)
(170, 30)
(170, 31)
(170, 32)
(161, 21)
(162, 21)
(163, 21)
(164, 21)
(165, 21)
(167, 21)
(168, 21)
(169, 21)
(170, 21)
(165, 22)
(171, 22)
(171, 23)
(170, 27)
(171, 28)
(171, 29)
(171, 30)
(171, 31)
(165, 20)
(166, 20)
(168, 20)
(169, 20)
(170, 20)
(171, 20)
(166, 21)
(172, 21)
(172, 28)
(172, 29)
(172, 30)
(166, 19)
(167, 19)
(170, 19)
(171, 19)
(172, 19)
(167, 20)
(173, 20)
(173, 21)
(173, 28)
(173, 29)
(166, 18)
(172, 18)
(173, 18)
(174, 19)
(174, 20)
(174, 21)
(174, 25)
(174, 26)
(174, 27)
(174, 28)
(165, 17)
(166, 17)
(167, 17)
(168, 17)
(172, 17)
(173, 17)
(174, 17)
(175, 18)
(175, 19)
(175, 25)
(175, 26)
(175, 27)
(167, 16)
(168, 16)
(169, 16)
(173, 16)
(175, 16)
(176, 17)
(176, 18)
(176, 19)
(176, 20)
(176, 25)
(176, 26)
(168, 15)
(169, 15)
(170, 15)
(174, 15)
(177, 17)
(177, 18)
(177, 19)
(177, 24)
(177, 25)
(169, 14)
(170, 14)
(171, 14)
(177, 20)
(178, 20)
(178, 21)
(178, 22)
(178, 23)
(178, 24)
(170, 13)
(172, 13)
(173, 14)
(178, 19)
(179, 20)
(179, 21)
(179, 22)
(179, 23)
(171, 12)
(172, 12)
(180, 21)
(180, 22)
(170, 11)
(171, 11)
(172, 11)
(173, 11)
(169, 12)
(170, 10)
(171, 10)
(172, 10)
(168, 13)
(170, 9)
(171, 9)
(173, 9)
(173, 10)
(167, 13)
(172, 8)
(173, 8)
(172, 9)
(166, 14)
(167, 14)
(166, 15)
(172, 7)
(173, 7)
(174, 7)
(171, 8)
(165, 13)
(166, 13)
(165, 14)
(165, 16)
(164, 15)
(164, 16)
(163, 12)
(164, 13)
(163, 15)
(162, 11)
(162, 13)
(162, 14)
(163, 14)
(162, 16)
(161, 12)
(161, 13)
(161, 14)
(162, 15)
(161, 19)
(161, 20)
(161, 10)
(160, 11)
(160, 12)
(160, 13)
(160, 18)
(160, 19)
(160, 20)
(159, 10)
(159, 11)
(159, 12)
(159, 19)
(158, 9)
(158, 10)
(158, 11)
(158, 12)
(158, 14)
(158, 18)
(157, 7)
(157, 8)
(157, 10)
(157, 11)
(157, 13)
(158, 13)
(157, 16)
(157, 17)
(156, 8)
(156, 9)
(156, 12)
(157, 12)
(156, 13)
(156, 14)
(156, 15)
(156, 16)
(155, 9)
(156, 11)
(155, 12)
(155, 13)
(155, 14)
(155, 15)
(153, 13)
(152, 14)
(153, 14)
(151, 14)
(151, 15)
(152, 15)
(153, 15)
(150, 14)
(150, 15)
(150, 16)
(151, 16)
(152, 16)
(153, 16)
(149, 15)
(149, 16)
(155, 16)
(150, 17)
(151, 17)
(152, 17)
(153, 17)
(156, 17)
(150, 18)
(151, 18)
(152, 18)
(153, 18)
(155, 18)
(157, 18)
(151, 19)
(152, 19)
(153, 19)
(155, 19)
(156, 19)
(158, 19)
(152, 20)
(153, 20)
(155, 20)
(156, 20)
(157, 20)
(159, 20)
(153, 21)
(155, 21)
(156, 21)
(157, 21)
(158, 21)
(154, 18)
(154, 19)
(154, 20)
(154, 21)
(160, 21)
(154, 22)
(156, 22)
(157, 22)
(158, 22)
(159, 22)
(154, 17)
(155, 22)
(155, 23)
(157, 23)
(158, 23)
(156, 23)
(156, 24)
(157, 24)
(171, 32)
(170, 33)
(171, 33)
(169, 34)
(170, 34)
(168, 35)
(169, 35)
(167, 36)
(168, 36)
(166, 37)
(167, 37)
(165, 38)
(166, 38)
(165, 39)
(132, 28)
(138, 28)
(139, 28)
(140, 28)
(141, 28)
(131, 28)
(137, 28)
(130, 28)
(130, 29)
(129, 28)
(129, 29)
(129, 30)
(128, 29)
(128, 30)
(128, 31)
(127, 30)
(127, 31)
(127, 32)
(126, 31)
(126, 32)
(126, 33)
(125, 34)
(124, 34)
(124, 35)
(124, 36)
(124, 37)
(124, 40)
(123, 35)
(123, 36)
(123, 37)
(123, 38)
(124, 38)
(123, 40)
(123, 41)
(122, 34)
(122, 35)
(122, 36)
(122, 37)
(122, 38)
(122, 40)
(122, 41)
(122, 42)
(122, 43)
(121, 35)
(121, 36)
(121, 37)
(121, 38)
(121, 40)
(121, 41)
(121, 42)
(121, 43)
(121, 44)
(120, 35)
(120, 36)
(120, 37)
(120, 38)
(120, 40)
(120, 41)
(120, 42)
(120, 43)
(120, 44)
(119, 34)
(119, 35)
(119, 36)
(119, 37)
(119, 38)
(119, 40)
(119, 41)
(119, 42)
(119, 43)
(119, 44)
(118, 34)
(118, 35)
(118, 36)
(118, 37)
(118, 38)
(118, 40)
(118, 41)
(118, 42)
(118, 43)
(117, 34)
(117, 35)
(117, 36)
(117, 37)
(117, 38)
(117, 40)
(117, 41)
(117, 42)
(116, 34)
(116, 35)
(116, 36)
(116, 37)
(116, 40)
(116, 41)
(115, 34)
(115, 35)
(115, 36)
(115, 38)
(114, 34)
(114, 35)
(114, 37)
(113, 34)
(113, 36)
(113, 37)
(112, 35)
(112, 36)
(111, 33)
(112, 33)
(113, 33)
(114, 33)
(115, 33)
(117, 33)
(118, 33)
(111, 34)
(111, 36)
(111, 37)
(115, 39)
(110, 32)
(111, 32)
(112, 32)
(113, 32)
(114, 32)
(116, 32)
(117, 32)
(110, 33)
(116, 33)
(110, 34)
(110, 35)
(116, 39)
(110, 31)
(111, 31)
(112, 31)
(113, 31)
(115, 31)
(116, 31)
(117, 31)
(115, 32)
(109, 34)
(109, 35)
(110, 37)
(109, 38)
(111, 30)
(112, 30)
(114, 30)
(115, 30)
(114, 31)
(108, 36)
(109, 36)
(108, 37)
(108, 39)
(108, 40)
(113, 29)
(114, 29)
(113, 30)
(107, 35)
(108, 35)
(107, 36)
(107, 37)
(107, 38)
(106, 36)
(106, 37)
(106, 38)
(106, 40)
(107, 40)
(105, 35)
(106, 35)
(105, 37)
(105, 38)
(105, 40)
(105, 41)
(106, 41)
(107, 41)
(104, 35)
(104, 36)
(105, 36)
(104, 38)
(104, 40)
(104, 41)
(104, 42)
(105, 42)
(106, 42)
(103, 34)
(103, 35)
(103, 36)
(103, 37)
(104, 37)
(103, 40)
(103, 41)
(103, 42)
(103, 43)
(104, 43)
(105, 43)
(106, 43)
(102, 34)
(102, 35)
(102, 36)
(102, 37)
(102, 38)
(103, 38)
(102, 40)
(102, 41)
(104, 44)
(105, 44)
(101, 34)
(101, 35)
(101, 36)
(101, 37)
(101, 38)
(101, 40)
(101, 41)
(100, 34)
(100, 35)
(100, 36)
(100, 37)
(100, 38)
(100, 40)
(99, 34)
(99, 35)
(99, 36)
(99, 37)
(99, 38)
(99, 40)
(99, 41)
(98, 36)
(98, 37)
(98, 38)
(98, 40)
(98, 41)
(98, 42)
(98, 43)
(97, 38)
(97, 40)
(97, 41)
(97, 42)
(97, 43)
(97, 44)
(96, 40)
(96, 41)
(96, 42)
(96, 43)
(96, 44)
(95, 41)
(95, 42)
(95, 43)
(95, 44)
(94, 40)
(94, 42)
(94, 43)
(94, 44)
(93, 40)
(93, 41)
(93, 43)
(93, 44)
(92, 41)
(92, 42)
(92, 44)
(91, 42)
(91, 43)
(90, 43)
(90, 44)
(91, 45)
(92, 45)
(93, 45)
(94, 45)
(89, 44)
(89, 45)
(89, 46)
(91, 46)
(92, 46)
(93, 46)
(88, 45)
(88, 46)
(88, 47)
(89, 47)
(91, 47)
(92, 47)
(87, 46)
(87, 47)
(87, 48)
(88, 48)
(89, 48)
(91, 48)
(86, 47)
(86, 48)
(86, 49)
(87, 49)
(88, 49)
(89, 49)
(91, 49)
(85, 50)
(86, 50)
(87, 50)
(88, 50)
(89, 50)
(91, 50)
(87, 51)
(88, 51)
(89, 51)
(91, 51)
(87, 52)
(88, 52)
(89, 52)
(89, 53)
(91, 54)
(85, 55)
(86, 55)
(89, 55)
(91, 55)
(92, 55)
(85, 56)
(86, 56)
(87, 56)
(88, 56)
(89, 56)
(91, 56)
(92, 56)
(93, 56)
(85, 57)
(86, 57)
(87, 57)
(88, 57)
(89, 57)
(91, 57)
(92, 57)
(93, 57)
(94, 57)
(95, 57)
(85, 58)
(86, 58)
(87, 58)
(88, 58)
(89, 58)
(91, 58)
(92, 58)
(93, 58)
(94, 58)
(95, 58)
(85, 59)
(86, 59)
(87, 59)
(88, 59)
(89, 59)
(91, 59)
(92, 59)
(93, 59)
(94, 59)
(95, 59)
(86, 60)
(87, 60)
(88, 60)
(89, 60)
(91, 60)
(92, 60)
(93, 60)
(94, 60)
(87, 61)
(88, 61)
(91, 61)
(92, 61)
(93, 61)
(94, 61)
(95, 61)
(87, 62)
(89, 62)
(91, 62)
(92, 62)
(93, 62)
(88, 63)
(89, 63)
(91, 63)
(92, 63)
(87, 64)
(88, 64)
(89, 64)
(91, 64)
(92, 64)
(87, 65)
(88, 65)
(89, 65)
(84, 56)
(84, 57)
(84, 58)
(90, 62)
(90, 63)
(90, 64)
(90, 65)
(85, 66)
(87, 66)
(88, 66)
(90, 61)
(89, 66)
(84, 67)
(85, 67)
(87, 67)
(88, 67)
(82, 68)
(83, 68)
(84, 68)
(85, 68)
(87, 68)
(82, 69)
(83, 69)
(84, 69)
(85, 69)
(87, 69)
(81, 70)
(82, 70)
(83, 70)
(84, 70)
(85, 70)
(87, 70)
(81, 71)
(82, 71)
(83, 71)
(84, 71)
(85, 71)
(87, 71)
(81, 72)
(82, 72)
(83, 72)
(84, 72)
(85, 72)
(81, 73)
(82, 73)
(83, 73)
(84, 73)
(85, 73)
(81, 74)
(82, 74)
(83, 74)
(81, 75)
(82, 75)
(81, 76)
(86, 81)
(85, 82)
(86, 82)
(87, 82)
(85, 83)
(86, 83)
(87, 83)
(88, 83)
(85, 84)
(87, 84)
(88, 84)
(89, 84)
(89, 85)
(90, 85)
(88, 86)
(89, 86)
(90, 86)
(91, 86)
(90, 87)
(91, 87)
(92, 87)
(90, 88)
(91, 88)
(92, 88)
(93, 88)
(91, 89)
(92, 89)
(93, 89)
(94, 89)
(92, 90)
(93, 90)
(94, 90)
(95, 90)
(93, 91)
(94, 91)
(95, 91)
(96, 91)
(94, 92)
(95, 92)
(96, 92)
(103, 89)
(103, 90)
(97, 92)
(95, 93)
(96, 93)
(97, 93)
(104, 93)
(96, 94)
(97, 94)
(103, 94)
(104, 94)
(105, 88)
(104, 89)
(105, 93)
(105, 94)
(97, 95)
(103, 95)
(104, 95)
(105, 95)
(97, 96)
(103, 96)
(104, 96)
(105, 96)
(103, 97)
(104, 97)
(105, 97)
(103, 98)
(104, 98)
(105, 98)
(103, 99)
(104, 99)
(105, 99)
(103, 100)
(104, 100)
(105, 100)
(103, 101)
(104, 101)
(105, 101)
(103, 102)
(104, 102)
(97, 103)
(103, 103)
(96, 104)
(97, 104)
(103, 104)
(95, 105)
(96, 105)
(97, 105)
(103, 105)
(95, 106)
(96, 106)
(97, 106)
(103, 106)
(95, 107)
(96, 107)
(95, 108)
(96, 108)
(95, 109)
(96, 109)
(95, 110)
(96, 110)
(97, 110)
(95, 111)
(96, 111)
(97, 111)
(95, 112)
(96, 112)
(97, 112)
(98, 112)
(95, 113)
(96, 113)
(97, 113)
(98, 113)
(99, 113)
(95, 114)
(96, 114)
(97, 114)
(98, 114)
(99, 114)
(103, 114)
(106, 112)
(106, 113)
(100, 114)
(106, 114)
(96, 115)
(97, 115)
(98, 115)
(99, 115)
(100, 115)
(103, 115)
(104, 115)
(105, 115)
(107, 112)
(107, 113)
(107, 114)
(101, 115)
(107, 115)
(97, 116)
(98, 116)
(99, 116)
(100, 116)
(105, 116)
(106, 116)
(108, 113)
(108, 114)
(108, 115)
(108, 116)
(98, 117)
(99, 117)
(100, 117)
(105, 117)
(106, 117)
(107, 117)
(108, 112)
(109, 112)
(109, 114)
(109, 115)
(109, 116)
(109, 117)
(99, 118)
(106, 118)
(107, 118)
(108, 118)
(110, 112)
(109, 113)
(110, 113)
(110, 115)
(110, 116)
(110, 117)
(110, 118)
(106, 119)
(107, 119)
(108, 119)
(109, 119)
(111, 111)
(111, 112)
(111, 113)
(110, 114)
(111, 114)
(111, 116)
(111, 117)
(111, 118)
(111, 119)
(107, 120)
(108, 120)
(109, 120)
(110, 120)
(112, 111)
(112, 112)
(112, 113)
(112, 114)
(111, 115)
(112, 115)
(112, 117)
(112, 118)
(112, 119)
(112, 120)
(108, 121)
(109, 121)
(110, 121)
(111, 121)
(113, 112)
(113, 113)
(113, 114)
(113, 115)
(112, 116)
(113, 116)
(113, 118)
(113, 119)
(113, 120)
(113, 121)
(109, 122)
(110, 122)
(111, 122)
(112, 122)
(114, 113)
(114, 114)
(114, 115)
(114, 116)
(113, 117)
(114, 117)
(114, 119)
(114, 120)
(114, 121)
(114, 122)
(110, 123)
(111, 123)
(112, 123)
(113, 123)
(115, 114)
(115, 115)
(115, 116)
(115, 117)
(114, 118)
(115, 118)
(115, 121)
(115, 122)
(115, 123)
(111, 124)
(112, 124)
(113, 124)
(114, 124)
(116, 122)
(116, 123)
(116, 124)
(112, 125)
(113, 125)
(114, 125)
(115, 125)
(117, 123)
(117, 124)
(117, 125)
(113, 126)
(114, 126)
(115, 126)
(116, 126)
(118, 124)
(118, 125)
(118, 126)
(114, 127)
(115, 127)
(116, 127)
(117, 127)
(119, 124)
(119, 125)
(119, 126)
(113, 127)
(119, 127)
(115, 128)
(116, 128)
(117, 128)
(118, 128)
(119, 128)
(120, 126)
(114, 128)
(116, 129)
(117, 129)
(118, 129)
(119, 129)
(115, 129)
(115, 130)
(117, 130)
(118, 130)
(119, 130)
(116, 130)
(115, 131)
(116, 131)
(118, 131)
(117, 131)
(114, 132)
(115, 132)
(116, 132)
(117, 132)
(80, 72)
(80, 73)
(80, 74)
(80, 75)
(80, 76)
(79, 73)
(79, 74)
(79, 75)
(79, 76)
(79, 77)
(80, 77)
(79, 79)
(79, 80)
(79, 81)
(79, 82)
(79, 83)
(78, 74)
(78, 75)
(78, 76)
(79, 78)
(78, 80)
(78, 81)
(78, 82)
(78, 83)
(78, 84)
(77, 75)
(77, 82)
(77, 83)
(77, 84)
(77, 85)
(76, 83)
(76, 84)
(76, 85)
(75, 84)
(75, 85)
(75, 86)
(76, 86)
(75, 92)
(76, 92)
(74, 84)
(74, 85)
(74, 86)
(75, 93)
(73, 86)
(69, 90)
(69, 91)
(69, 92)
(68, 91)
(68, 92)
(67, 91)
(67, 92)
(68, 98)
(69, 98)
(70, 98)
(71, 98)
(73, 98)
(67, 99)
(68, 99)
(69, 99)
(70, 99)
(71, 99)
(67, 100)
(68, 100)
(69, 100)
(70, 100)
(71, 100)
(66, 91)
(66, 92)
(72, 98)
(72, 99)
(66, 100)
(72, 100)
(65, 92)
(66, 101)
(67, 101)
(68, 101)
(69, 101)
(70, 101)
(65, 101)
(65, 102)
(66, 102)
(67, 102)
(68, 102)
(69, 102)
(64, 102)
(64, 103)
(65, 103)
(66, 103)
(67, 103)
(68, 103)
(58, 98)
(63, 103)
(63, 104)
(67, 104)
(56, 99)
(57, 99)
(62, 104)
(62, 105)
(55, 98)
(55, 99)
(55, 100)
(56, 100)
(61, 105)
(55, 106)
(61, 106)
(62, 106)
(54, 97)
(54, 98)
(54, 99)
(54, 100)
(54, 106)
(53, 98)
(53, 99)
(53, 100)
(53, 106)
(52, 98)
(52, 99)
(52, 100)
(51, 98)
(51, 99)
(51, 100)
(50, 98)
(50, 99)
(50, 100)
(49, 98)
(49, 99)
(49, 100)
(48, 98)
(48, 99)
(48, 100)
(47, 98)
(47, 99)
(47, 100)
(46, 98)
(46, 99)
(46, 100)
(46, 106)
(46, 107)
(45, 98)
(45, 99)
(45, 100)
(45, 107)
(45, 108)
(44, 98)
(44, 99)
(44, 100)
(44, 108)
(43, 98)
(43, 99)
(43, 100)
(42, 99)
(42, 100)
(39, 103)
(44, 109)
(43, 109)
(39, 110)
(43, 110)
(44, 110)
(36, 110)
(42, 110)
(36, 111)
(37, 111)
(38, 111)
(39, 111)
(40, 111)
(42, 111)
(43, 111)
(35, 109)
(35, 110)
(35, 111)
(41, 111)
(35, 112)
(36, 112)
(37, 112)
(38, 112)
(39, 112)
(41, 112)
(40, 112)
(34, 113)
(35, 113)
(36, 113)
(37, 113)
(38, 113)
(40, 113)
(28, 97)
(28, 98)
(28, 99)
(28, 100)
(28, 101)
(27, 96)
(27, 97)
(27, 98)
(27, 99)
(27, 100)
(28, 102)
(27, 103)
(26, 96)
(26, 97)
(26, 98)
(26, 99)
(26, 100)
(34, 93)
(22, 81)
(22, 82)
(22, 83)
(21, 80)
(22, 80)
(21, 81)
(21, 82)
(21, 83)
(21, 84)
(20, 79)
(21, 79)
(22, 79)
(20, 80)
(20, 81)
(20, 82)
(20, 83)
(21, 78)
(22, 78)
(22, 77)
(22, 76)
(18, 62)
(34, 57)
(34, 58)
(34, 56)
(35, 56)
(35, 57)
(35, 58)
(36, 50)
(36, 51)
(36, 52)
(36, 53)
(35, 55)
(36, 55)
(36, 56)
(36, 57)
(36, 58)
(36, 59)
(37, 49)
(37, 50)
(37, 51)
(37, 52)
(36, 54)
(37, 54)
(37, 55)
(37, 56)
(37, 57)
(37, 58)
(29, 47)
(38, 49)
(38, 50)
(38, 51)
(37, 53)
(38, 53)
(38, 54)
(38, 55)
(38, 56)
(38, 57)
(29, 46)
(30, 46)
(38, 52)
(28, 45)
(29, 45)
(30, 45)
(28, 44)
(29, 44)
(30, 44)
(28, 43)
(29, 43)
(30, 43)
(28, 42)
(29, 42)
(30, 42)
(28, 41)
(29, 41)
(30, 41)
(28, 40)
(29, 40)
(30, 40)
(28, 39)
(29, 39)
(30, 39)
(29, 38)
(30, 38)
(30, 37)
(30, 36)
(30, 35)
(32, 33)
(35, 32)
(38, 32)
(34, 31)
(35, 31)
(37, 31)
(38, 31)
(33, 32)
(39, 32)
(33, 33)
(39, 33)
(33, 34)
(39, 34)
(40, 33)
(41, 34)
(42, 35)
(42, 38)
(41, 39)
(42, 39)
(42, 41)
(42, 42)
(42, 43)
(42, 44)
(41, 45)
(42, 45)
(43, 36)
(43, 37)
(43, 38)
(43, 40)
(43, 42)
(43, 43)
(43, 44)
(43, 45)
(40, 46)
(41, 46)
(42, 46)
(43, 46)
(44, 37)
(44, 38)
(44, 39)
(44, 40)
(43, 41)
(44, 41)
(44, 43)
(44, 44)
(44, 45)
(44, 46)
(40, 47)
(41, 47)
(42, 47)
(43, 47)
(39, 48)
(40, 48)
(41, 48)
(42, 48)
(39, 49)
(40, 49)
(41, 49)
(39, 50)
(40, 50)
(41, 50)
(39, 51)
(40, 51)
(39, 52)
(27, 44)
(34, 78)
(19, 81)
(19, 82)
(19, 83)
(18, 82)
(25, 98)
(25, 99)
(33, 113)
(33, 114)
(34, 114)
(35, 114)
(36, 114)
(37, 114)
(33, 115)
(34, 115)
(35, 115)
(36, 115)
(37, 115)
(32, 112)
(24, 102)
(23, 101)
(24, 101)
(25, 101)
(23, 102)
(23, 103)
(22, 100)
(23, 100)
(24, 100)
(25, 100)
(22, 101)
(22, 102)
(22, 103)
(21, 102)
(21, 103)
(21, 104)
(21, 105)
(22, 105)
(20, 103)
(20, 104)
(20, 105)
(20, 106)
(21, 106)
(19, 103)
(19, 104)
(19, 105)
(19, 106)
(19, 107)
(20, 107)
(18, 104)
(18, 105)
(18, 106)
(18, 107)
(19, 108)
(17, 105)
(17, 106)
(22, 116)
(23, 116)
(22, 117)
(30, 116)
(31, 116)
(31, 117)
(31, 118)
(30, 119)
(31, 119)
(32, 116)
(32, 117)
(32, 118)
(32, 119)
(31, 120)
(32, 120)
(32, 115)
(33, 117)
(33, 118)
(33, 119)
(33, 120)
(32, 121)
(33, 121)
(18, 123)
(17, 121)
(8, 146)
(8, 147)
(13, 150)
(9, 144)
(14, 149)
(14, 150)
(34, 125)
(34, 126)
(35, 125)
(35, 126)
(36, 125)
(36, 126)
(37, 125)
(37, 126)
(38, 125)
(38, 126)
(39, 125)
(39, 126)
(39, 127)
(40, 125)
(40, 126)
(40, 127)
(40, 128)
(41, 126)
(41, 127)
(41, 128)
(33, 147)
(38, 152)
(39, 153)
(40, 154)
(41, 155)
(42, 156)
(43, 157)
(44, 158)
(45, 159)
(66, 155)
(66, 156)
(66, 157)
(66, 158)
(67, 156)
(67, 157)
(67, 158)
(58, 170)
(59, 170)
(61, 170)
(68, 157)
(68, 158)
(60, 170)
(57, 171)
(58, 171)
(59, 171)
(60, 171)
(69, 157)
(69, 158)
(61, 171)
(70, 157)
(70, 158)
(71, 157)
(71, 158)
(72, 157)
(72, 158)
(73, 157)
(73, 158)
(73, 159)
(73, 160)
(74, 157)
(74, 158)
(74, 159)
(74, 160)
(60, 172)
(61, 172)
(60, 173)
(61, 173)
(61, 174)
(61, 175)
(72, 179)
(73, 179)
(74, 179)
(73, 180)
(74, 180)
(75, 179)
(75, 180)
(76, 179)
(75, 160)
(76, 160)
(77, 160)
(75, 159)
(76, 159)
(77, 159)
(106, 148)
(107, 148)
(108, 148)
(109, 148)
(107, 147)
(108, 147)
(109, 147)
(110, 147)
(113, 148)
(114, 147)
(114, 148)
(115, 147)
(115, 148)
(133, 159)
(134, 159)
(135, 159)
(136, 159)
(137, 159)
(134, 158)
(135, 158)
(136, 158)
(142, 175)
(143, 175)
(144, 175)
(145, 175)
(146, 175)
(147, 175)
(148, 175)
(149, 175)
(143, 176)
(144, 176)
(145, 176)
(146, 176)
(147, 176)
(150, 175)
(151, 175)
(151, 176)
(152, 174)
(152, 175)
(152, 176)
(153, 173)
(153, 174)
(153, 175)
(153, 176)
(154, 172)
(154, 173)
(154, 174)
(154, 175)
(155, 171)
(155, 172)
(155, 173)
(155, 174)
(156, 170)
(156, 171)
(157, 169)
(157, 170)
(159, 169)
(159, 170)
(160, 167)
(160, 168)
(160, 169)
(161, 159)
(161, 166)
(161, 167)
(161, 168)
(162, 161)
(162, 162)
(162, 163)
(162, 164)
(162, 165)
(162, 166)
(162, 167)
(163, 162)
(163, 163)
(163, 164)
(163, 165)
(163, 166)
(146, 154)
(161, 138)
(160, 137)
(143, 134)
(143, 133)
(143, 132)
(160, 136)
(161, 127)
(161, 128)
(161, 129)
(161, 130)
(161, 134)
(161, 135)
(161, 136)
(161, 137)
(162, 127)
(162, 128)
(162, 129)
(162, 133)
(162, 134)
(162, 135)
(162, 136)
(162, 137)
(153, 111)
(149, 107)
(136, 107)
(136, 108)
(136, 109)
(136, 110)
(136, 111)
(135, 107)
(135, 108)
(135, 109)
(171, 67)
(169, 66)
(171, 66)
(169, 65)
(170, 65)
(170, 66)
(186, 82)
(181, 87)
(187, 82)
(187, 83)
(187, 84)
(187, 85)
(187, 86)
(187, 87)
(182, 88)
(183, 88)
(184, 88)
(185, 88)
(187, 88)
(188, 83)
(188, 84)
(188, 85)
(188, 86)
(188, 87)
(180, 88)
(188, 88)
(183, 89)
(184, 89)
(185, 89)
(186, 89)
(187, 89)
(188, 89)
(155, 67)
(154, 66)
(154, 67)
(153, 67)
(152, 68)
(129, 58)
(129, 59)
(129, 60)
(129, 61)
(129, 62)
(128, 58)
(128, 59)
(128, 60)
(128, 61)
(129, 63)
(128, 62)
(127, 58)
(130, 27)
(131, 27)
(135, 27)
(137, 27)
(138, 27)
(139, 27)
(140, 27)
(141, 27)
(166, 39)
(167, 38)
(168, 37)
(169, 36)
(170, 35)
(171, 34)
(171, 35)
(172, 31)
(172, 32)
(172, 33)
(172, 34)
(173, 30)
(173, 31)
(173, 32)
(173, 33)
(174, 29)
(174, 30)
(174, 31)
(174, 32)
(175, 28)
(175, 29)
(175, 30)
(175, 31)
(176, 27)
(176, 28)
(176, 29)
(176, 30)
(177, 26)
(177, 27)
(177, 28)
(177, 29)
(178, 25)
(178, 26)
(178, 27)
(178, 28)
(179, 24)
(179, 25)
(179, 26)
(179, 27)
(180, 23)
(180, 24)
(180, 25)
(180, 26)
(181, 21)
(181, 22)
(181, 23)
(181, 24)
(181, 25)
(182, 23)
(173, 6)
(173, 34)
(172, 35)
(173, 35)
(171, 36)
(172, 36)
(131, 26)
(132, 26)
(135, 26)
(138, 26)
(139, 26)
(140, 26)
(141, 26)
(137, 26)
(112, 29)
(113, 28)
(102, 33)
(101, 31)
(101, 32)
(101, 33)
(100, 32)
(100, 33)
(99, 32)
(99, 33)
(98, 32)
(84, 51)
(83, 51)
(83, 52)
(83, 53)
(84, 53)
(83, 54)
(84, 54)
(83, 55)
(84, 55)
(83, 56)
(96, 59)
(96, 60)
(97, 60)
(82, 54)
(82, 55)
(80, 70)
(79, 71)
(80, 71)
(79, 72)
(106, 87)
(106, 88)
(106, 91)
(106, 92)
(106, 93)
(106, 94)
(106, 95)
(106, 96)
(107, 86)
(107, 87)
(107, 88)
(107, 89)
(107, 91)
(107, 92)
(107, 93)
(107, 94)
(107, 95)
(107, 96)
(106, 97)
(107, 97)
(107, 90)
(106, 98)
(107, 98)
(106, 99)
(107, 99)
(106, 100)
(94, 105)
(93, 106)
(94, 106)
(93, 107)
(94, 107)
(93, 108)
(94, 108)
(93, 109)
(94, 109)
(93, 110)
(94, 110)
(93, 111)
(94, 111)
(93, 112)
(94, 112)
(93, 113)
(94, 113)
(94, 114)
(94, 115)
(95, 115)
(95, 116)
(96, 116)
(96, 117)
(97, 117)
(97, 118)
(98, 118)
(112, 110)
(113, 111)
(114, 112)
(115, 112)
(115, 113)
(116, 114)
(118, 132)
(114, 133)
(115, 133)
(116, 133)
(118, 133)
(119, 133)
(117, 133)
(113, 134)
(114, 134)
(115, 134)
(116, 134)
(117, 134)
(119, 134)
(120, 134)
(78, 71)
(78, 72)
(78, 73)
(77, 72)
(77, 73)
(77, 74)
(76, 73)
(71, 101)
(73, 101)
(70, 102)
(71, 102)
(73, 102)
(74, 102)
(72, 101)
(72, 102)
(69, 103)
(70, 103)
(71, 103)
(72, 103)
(68, 104)
(69, 104)
(70, 104)
(71, 104)
(68, 105)
(69, 105)
(70, 105)
(69, 106)
(53, 95)
(53, 96)
(53, 97)
(52, 95)
(52, 96)
(52, 97)
(51, 96)
(51, 97)
(50, 96)
(50, 97)
(49, 96)
(49, 97)
(48, 96)
(48, 97)
(47, 96)
(47, 97)
(46, 96)
(46, 97)
(45, 96)
(45, 97)
(44, 97)
(39, 113)
(38, 114)
(39, 114)
(38, 115)
(24, 99)
(19, 80)
(18, 80)
(18, 81)
(37, 59)
(37, 60)
(38, 58)
(38, 59)
(38, 60)
(39, 54)
(39, 55)
(39, 56)
(39, 57)
(39, 58)
(39, 53)
(40, 53)
(40, 54)
(40, 55)
(40, 56)
(40, 57)
(40, 52)
(26, 43)
(27, 43)
(26, 42)
(27, 42)
(26, 41)
(27, 41)
(26, 40)
(27, 40)
(26, 39)
(27, 39)
(40, 32)
(39, 31)
(40, 31)
(35, 30)
(36, 30)
(37, 30)
(38, 30)
(39, 30)
(36, 29)
(37, 29)
(38, 29)
(41, 31)
(41, 32)
(41, 33)
(42, 33)
(42, 34)
(43, 34)
(43, 35)
(44, 35)
(44, 36)
(44, 42)
(45, 35)
(45, 36)
(45, 37)
(45, 38)
(45, 39)
(45, 40)
(45, 42)
(45, 43)
(45, 44)
(45, 45)
(46, 36)
(46, 37)
(46, 38)
(46, 39)
(46, 40)
(45, 41)
(46, 41)
(46, 43)
(46, 44)
(46, 45)
(41, 51)
(41, 52)
(17, 82)
(33, 116)
(34, 116)
(35, 116)
(36, 116)
(37, 116)
(34, 117)
(35, 117)
(36, 117)
(37, 117)
(18, 103)
(17, 104)
(16, 105)
(34, 118)
(34, 119)
(34, 120)
(34, 121)
(33, 122)
(34, 122)
(35, 118)
(35, 119)
(35, 120)
(35, 121)
(35, 122)
(34, 123)
(35, 123)
(34, 124)
(17, 122)
(35, 124)
(36, 122)
(36, 123)
(36, 124)
(37, 122)
(37, 123)
(37, 124)
(38, 122)
(38, 123)
(38, 124)
(39, 123)
(39, 124)
(40, 124)
(41, 124)
(41, 125)
(42, 125)
(42, 126)
(67, 154)
(67, 155)
(68, 153)
(68, 154)
(68, 155)
(68, 156)
(69, 152)
(69, 153)
(69, 154)
(69, 155)
(69, 156)
(57, 172)
(58, 172)
(70, 153)
(70, 154)
(70, 155)
(70, 156)
(59, 172)
(59, 173)
(71, 154)
(71, 155)
(71, 156)
(72, 155)
(72, 156)
(73, 155)
(73, 156)
(75, 158)
(107, 146)
(108, 146)
(109, 146)
(110, 146)
(111, 146)
(107, 145)
(108, 145)
(109, 145)
(110, 145)
(111, 145)
(112, 145)
(113, 145)
(106, 144)
(107, 144)
(108, 144)
(109, 144)
(110, 144)
(111, 144)
(112, 144)
(113, 144)
(114, 144)
(114, 145)
(114, 146)
(115, 144)
(115, 145)
(115, 146)
(116, 145)
(116, 146)
(135, 157)
(144, 177)
(145, 177)
(146, 177)
(145, 178)
(146, 178)
(152, 177)
(153, 177)
(153, 178)
(154, 176)
(154, 177)
(154, 178)
(155, 175)
(155, 176)
(155, 177)
(155, 178)
(155, 179)
(156, 175)
(156, 176)
(156, 177)
(156, 178)
(156, 179)
(157, 174)
(157, 175)
(157, 176)
(157, 177)
(157, 178)
(158, 172)
(158, 173)
(158, 174)
(158, 175)
(158, 176)
(158, 177)
(159, 171)
(159, 172)
(159, 173)
(159, 174)
(159, 175)
(159, 176)
(160, 170)
(160, 171)
(160, 172)
(160, 173)
(160, 174)
(160, 175)
(161, 169)
(161, 170)
(161, 171)
(161, 172)
(161, 173)
(161, 174)
(162, 168)
(162, 169)
(162, 170)
(162, 171)
(162, 172)
(162, 173)
(163, 167)
(163, 168)
(163, 169)
(163, 170)
(163, 171)
(163, 172)
(164, 163)
(164, 164)
(164, 165)
(164, 166)
(164, 167)
(164, 168)
(164, 169)
(164, 170)
(164, 171)
(165, 163)
(165, 164)
(165, 165)
(165, 166)
(165, 167)
(165, 168)
(165, 169)
(166, 165)
(162, 138)
(163, 138)
(195, 82)
(194, 83)
(194, 82)
(194, 81)
(193, 84)
(193, 83)
(193, 82)
(192, 85)
(192, 84)
(192, 83)
(191, 86)
(191, 85)
(191, 84)
(190, 87)
(190, 86)
(190, 85)
(189, 88)
(189, 87)
(189, 86)
(189, 85)
(189, 84)
(187, 90)
(186, 90)
(185, 90)
(184, 90)
(186, 91)
(185, 91)
(173, 37)
(174, 36)
(175, 35)
(176, 34)
(177, 33)
(178, 32)
(179, 31)
(180, 30)
(181, 31)
(180, 32)
(179, 33)
(178, 34)
(177, 35)
(176, 36)
(175, 37)
(174, 38)
(174, 39)
(175, 38)
(176, 37)
(177, 36)
(178, 35)
(182, 31)
(181, 32)
(181, 30)
(138, 21)
(139, 22)
(138, 22)
(137, 22)
(136, 23)
(137, 23)
(138, 23)
(139, 23)
(140, 23)
(141, 23)
(141, 24)
(140, 24)
(139, 24)
(138, 24)
(137, 24)
(136, 24)
(135, 24)
(134, 24)
(133, 24)
(132, 25)
(133, 25)
(134, 25)
(135, 25)
(137, 25)
(138, 25)
(139, 25)
(140, 25)
(141, 25)
(142, 25)
(97, 28)
(96, 29)
(97, 29)
(98, 29)
(99, 30)
(98, 30)
(97, 30)
(98, 31)
(99, 31)
(100, 31)
(80, 53)
(81, 52)
(81, 53)
(81, 54)
(82, 51)
(82, 52)
(82, 53)
(37, 28)
(108, 87)
(108, 88)
(109, 88)
(108, 89)
(109, 89)
(111, 89)
(108, 90)
(109, 90)
(111, 90)
(108, 91)
(109, 91)
(111, 91)
(112, 91)
(108, 93)
(109, 93)
(111, 93)
(112, 93)
(113, 93)
(114, 93)
(108, 94)
(109, 94)
(111, 94)
(112, 94)
(113, 94)
(114, 94)
(108, 95)
(109, 95)
(111, 95)
(112, 95)
(113, 95)
(108, 96)
(109, 96)
(111, 96)
(108, 97)
(109, 97)
(108, 98)
(108, 99)
(90, 107)
(91, 107)
(88, 109)
(89, 109)
(90, 109)
(91, 109)
(89, 110)
(90, 110)
(91, 110)
(91, 111)
(114, 136)
(118, 134)
(112, 135)
(113, 135)
(115, 135)
(116, 135)
(117, 135)
(118, 135)
(110, 137)
(111, 137)
(112, 137)
(113, 137)
(115, 137)
(116, 137)
(109, 138)
(110, 138)
(111, 138)
(112, 138)
(113, 138)
(115, 138)
(106, 139)
(107, 139)
(108, 139)
(109, 139)
(110, 139)
(111, 139)
(112, 139)
(113, 139)
(115, 139)
(105, 140)
(106, 140)
(107, 140)
(108, 140)
(109, 140)
(110, 140)
(111, 140)
(112, 140)
(113, 140)
(115, 140)
(104, 141)
(105, 141)
(106, 141)
(107, 141)
(108, 141)
(109, 141)
(110, 141)
(111, 141)
(112, 141)
(113, 141)
(115, 141)
(105, 142)
(106, 142)
(107, 142)
(108, 142)
(109, 142)
(110, 142)
(111, 142)
(112, 142)
(113, 142)
(105, 143)
(106, 143)
(107, 143)
(108, 143)
(109, 143)
(110, 143)
(111, 143)
(112, 143)
(113, 143)
(164, 172)
(165, 172)
(163, 173)
(164, 173)
(165, 173)
(166, 173)
(163, 174)
(164, 174)
(165, 174)
(166, 174)
(167, 174)
(161, 175)
(163, 175)
(164, 175)
(165, 175)
(160, 176)
(161, 176)
(163, 176)
(158, 178)
(159, 178)
(160, 178)
(161, 178)
(157, 179)
(158, 179)
(159, 179)
(160, 179)
(161, 179)
(157, 180)
(158, 180)
(159, 180)
(160, 180)
(157, 181)
(158, 181)
(159, 181)
(160, 181)
(158, 182)
(159, 182)
(171, 118)
(172, 118)
(173, 118)
(174, 118)
(170, 119)
(171, 119)
(172, 119)
(169, 120)
(170, 120)
(171, 120)
(168, 121)
(169, 121)
(170, 121)
(167, 122)
(168, 122)
(169, 122)
(167, 123)
(168, 123)
(169, 123)
(167, 124)
(168, 124)
(169, 124)
(167, 125)
(168, 125)
(169, 125)
(165, 126)
(167, 126)
(168, 126)
(163, 127)
(163, 128)
(164, 127)
(165, 127)
(165, 128)
(167, 127)
(167, 128)
(168, 127)
(168, 128)
(165, 129)
(167, 129)
(168, 129)
(169, 129)
(170, 129)
(165, 130)
(167, 130)
(168, 130)
(169, 130)
(170, 130)
(164, 131)
(165, 131)
(167, 131)
(168, 131)
(169, 131)
(164, 128)
(164, 132)
(165, 132)
(167, 132)
(168, 132)
(163, 133)
(164, 133)
(165, 133)
(167, 133)
(168, 133)
(166, 123)
(166, 124)
(166, 125)
(166, 126)
(166, 127)
(166, 128)
(166, 129)
(166, 130)
(166, 131)
(166, 132)
(166, 133)
(163, 134)
(164, 134)
(165, 134)
(166, 134)
(167, 134)
(169, 128)
(163, 135)
(164, 135)
(165, 135)
(163, 136)
(164, 136)
(163, 137)
(164, 137)
(47, 94)
(48, 94)
(50, 94)
(51, 94)
(46, 95)
(47, 95)
(48, 95)
(50, 95)
(51, 95)
(41, 55)
(41, 56)
(42, 56)
(41, 57)
(48, 40)
(49, 40)
(48, 41)
(49, 41)
(50, 41)
(46, 42)
(48, 42)
(49, 42)
(179, 114)
(178, 113)
(178, 114)
(177, 112)
(177, 113)
(177, 114)
(177, 115)
(176, 115)
(176, 114)
(176, 113)
(175, 114)
(175, 115)
(175, 116)
(174, 118)
(174, 117)
(174, 116)
(174, 115)
(173, 116)
(173, 117)
(172, 117)
(114, 135)
(110, 136)
(111, 136)
(112, 136)
(113, 136)
(116, 136)
(117, 136)
(114, 137)
(114, 138)
(114, 139)
(114, 140)
(114, 141)
(114, 142)
(114, 143)
(115, 136)
