(439, 207)
(440, 207)
(441, 207)
(442, 207)
(443, 207)
(444, 207)
(445, 207)
(446, 207)
(447, 207)
(448, 207)
(449, 207)
(450, 207)
(451, 207)
(452, 207)
(453, 207)
(454, 207)
(455, 207)
(456, 207)
(457, 207)
(458, 207)
(459, 207)
(460, 207)
(461, 207)
(462, 207)
(463, 207)
(464, 207)
(465, 207)
(466, 207)
(467, 207)
(467, 208)
(467, 209)
(467, 210)
(467, 211)
(467, 212)
(467, 213)
(467, 214)
(467, 215)
(467, 216)
(467, 217)
(467, 218)
(467, 219)
(467, 220)
(467, 221)
(467, 222)
(467, 223)
(467, 224)
(467, 225)
(467, 226)
(467, 227)
(467, 228)
(467, 229)
(467, 230)
(467, 231)
(467, 232)
(467, 233)
(467, 234)
(467, 235)
(467, 236)
(467, 237)
(467, 238)
(467, 239)
(467, 240)
(467, 241)
(467, 242)
(467, 243)
(467, 244)
(467, 245)
(467, 246)
(467, 247)
(467, 248)
(467, 249)
(467, 250)
(467, 251)
(467, 252)
(467, 253)
(467, 254)
(467, 255)
(467, 256)
(467, 257)
(467, 258)
(467, 259)
(467, 260)
(467, 261)
(467, 262)
(467, 263)
(467, 264)
(467, 265)
(467, 266)
(467, 267)
(467, 268)
(467, 269)
(467, 270)
(467, 271)
(467, 272)
(467, 273)
(467, 274)
(467, 275)
(467, 276)
(467, 277)
(467, 278)
(467, 279)
(467, 280)
(467, 281)
(467, 282)
(467, 283)
(467, 284)
(467, 285)
(467, 286)
(467, 287)
(467, 288)
(467, 289)
(467, 290)
(467, 291)
(467, 292)
(467, 293)
(467, 294)
(467, 295)
(467, 296)
(467, 297)
(467, 298)
(467, 299)
(467, 300)
(467, 301)
(467, 302)
(467, 303)
(467, 304)
(467, 305)
(467, 306)
(467, 307)
(468, 308)
(469, 309)
(470, 310)
(471, 311)
(472, 312)
(473, 313)
(474, 314)
(475, 315)
(476, 316)
(477, 317)
(478, 318)
(479, 319)
(480, 320)
(481, 321)
(482, 322)
(483, 323)
(484, 324)
(485, 325)
(486, 326)
(487, 327)
(488, 328)
(489, 329)
(490, 330)
(491, 331)
(492, 332)
(493, 333)
(494, 334)
(495, 335)
(496, 336)
(497, 337)
(498, 338)
(499, 339)
(500, 340)
(500, 341)
(500, 342)
(500, 343)
(500, 344)
(500, 345)
(500, 346)
(500, 347)
(500, 348)
(500, 349)
(500, 350)
(500, 351)
(500, 352)
(500, 353)
(500, 354)
(500, 355)
(500, 356)
(500, 357)
(501, 358)
(502, 359)
(503, 360)
(504, 361)
(505, 362)
(506, 363)
(507, 364)
(508, 365)
(509, 366)
(510, 367)
(511, 368)
(512, 369)
(513, 370)
(514, 371)
(515, 372)
(516, 373)
(517, 373)
(518, 373)
(519, 373)
(520, 373)
(521, 373)
(522, 373)
(523, 373)
(524, 373)
(525, 373)
(526, 373)
(527, 373)
(528, 373)
(529, 373)
(530, 373)
(531, 373)
(532, 373)
(533, 373)
(534, 373)
(535, 373)
(536, 373)
(537, 373)
(538, 373)
(539, 373)
(540, 374)
(541, 375)
(542, 376)
(543, 377)
(544, 378)
(545, 379)
(546, 380)
(547, 381)
(548, 382)
(549, 383)
(550, 384)
(551, 385)
(552, 386)
(553, 387)
(554, 388)
(555, 389)
(556, 390)
(557, 391)
(558, 392)
(559, 393)
(560, 394)
(561, 395)
(562, 396)
(563, 397)
(564, 398)
(565, 399)
(566, 400)
(567, 401)
(568, 402)
(569, 403)
(570, 404)
(571, 405)
(572, 406)
(573, 407)
(574, 408)
(575, 409)
(576, 410)
(577, 411)
(578, 412)
(579, 413)
(580, 414)
(581, 415)
(582, 416)
(583, 417)
(584, 418)
(585, 419)
(586, 420)
(587, 421)
(588, 422)
(589, 423)
(590, 424)
(591, 425)
(592, 426)
(593, 427)
(594, 428)
(595, 429)
(596, 430)
(597, 431)
(598, 432)
(599, 433)
(600, 434)
(601, 435)
(602, 436)
(603, 437)
(604, 438)
(605, 439)
(606, 440)
(607, 441)
(608, 442)
(609, 443)
(610, 444)
(611, 445)
(612, 446)
(613, 447)
(614, 448)
(615, 449)
(616, 450)
(617, 451)
(618, 452)
(619, 453)
(620, 454)
(621, 455)
(622, 456)
(623, 457)
(624, 458)
(625, 459)
(626, 460)
(627, 460)
(628, 460)
(629, 460)
(630, 460)
(631, 461)
(632, 462)
(633, 463)
(634, 464)
(635, 465)
(636, 466)
(637, 467)
(638, 468)
(639, 469)
(640, 470)
(640, 471)
(640, 472)
(640, 473)
(640, 474)
(640, 475)
(641, 476)
(642, 477)
(643, 478)
(644, 479)
(645, 480)
(646, 481)
(647, 482)
(648, 483)
(649, 484)
(650, 485)
(651, 486)
(652, 487)
(652, 488)
(652, 489)
(652, 490)
(652, 491)
(652, 492)
(653, 493)
(654, 494)
(655, 495)
(656, 496)
(657, 497)
(658, 498)
(659, 499)
(660, 500)
(661, 501)
(662, 502)
(662, 503)
(662, 504)
(662, 505)
(662, 506)
(662, 507)
(662, 508)
(663, 509)
(664, 510)
(665, 511)
(666, 512)
(667, 513)
(668, 514)
(669, 515)
(670, 516)
(671, 517)
(672, 518)
(673, 519)
(674, 520)
(675, 521)
(676, 522)
(677, 523)
(678, 523)
(679, 523)
(680, 523)
(681, 523)
(682, 523)
(683, 523)
(684, 523)
(685, 523)
(686, 523)
(687, 523)
(688, 523)
(689, 523)
(690, 524)
(691, 525)
(692, 526)
(693, 527)
(694, 528)
(695, 529)
(696, 530)
(697, 531)
(698, 532)
(699, 533)
(700, 534)
(701, 535)
(702, 536)
(703, 537)
(704, 538)
(705, 539)
(706, 540)
(707, 541)
(708, 542)
(709, 543)
(710, 544)
(711, 545)
(712, 546)
(713, 547)
(714, 548)
(715, 549)
(716, 550)
(717, 551)
(718, 552)
(719, 553)
(720, 554)
(721, 555)
(722, 556)
(723, 557)
(724, 558)
(725, 559)
(726, 560)
(727, 561)
(728, 562)
(729, 563)
(730, 564)
(731, 565)
(732, 566)
(733, 567)
(734, 568)
(735, 569)
(736, 570)
(737, 571)
(738, 572)
(739, 573)
(740, 574)
(741, 575)
(742, 576)
(743, 577)
(744, 578)
(745, 579)
(746, 580)
(747, 581)
(748, 582)
(749, 583)
(750, 584)
(751, 585)
(752, 586)
(753, 587)
(754, 588)
(755, 588)
(756, 588)
(757, 588)
(758, 588)
(759, 588)
(760, 588)
(761, 588)
(762, 588)
(763, 588)
(764, 588)
(765, 588)
(766, 588)
(767, 588)
(768, 588)
(769, 588)
(770, 588)
(771, 588)
(772, 588)
(773, 588)
(774, 588)
(775, 588)
(776, 588)
(777, 588)
(778, 588)
(779, 588)
(780, 588)
(781, 588)
(782, 588)
(783, 588)
(784, 588)
(785, 588)
(786, 588)
(787, 588)
(788, 588)
(789, 588)
(790, 588)
(791, 588)
(792, 588)
(793, 588)
(794, 588)
(795, 589)
(796, 590)
(797, 591)
(797, 592)
(797, 593)
(797, 594)
(797, 595)
(798, 596)
(799, 597)
(800, 598)
(801, 599)
(802, 600)
(803, 601)
(804, 602)
(805, 603)
(806, 604)
(807, 605)
(808, 606)
(808, 607)
(808, 608)
(808, 609)
(808, 610)
(808, 611)
(809, 612)
(810, 613)
(811, 614)
(812, 615)
(813, 616)
(814, 617)
(815, 618)
(816, 619)
(817, 620)
(818, 621)
(819, 622)
(820, 623)
(821, 624)
(822, 625)
(823, 626)
(824, 627)
(825, 628)
(826, 629)
(827, 630)
(828, 631)
(829, 632)
(830, 633)
(831, 634)
(832, 635)
(833, 636)
(834, 637)
(835, 638)
(836, 639)
(837, 640)
(838, 641)
(438, 206)
(439, 206)
(440, 206)
(438, 207)
(438, 208)
(439, 208)
(440, 208)
(441, 206)
(441, 208)
(442, 206)
(442, 208)
(443, 206)
(443, 208)
(444, 206)
(444, 208)
(445, 206)
(445, 208)
(446, 206)
(437, 205)
(438, 205)
(439, 205)
(440, 205)
(441, 205)
(437, 206)
(437, 207)
(437, 208)
(437, 209)
(438, 209)
(439, 209)
(440, 209)
(441, 209)
(442, 205)
(442, 209)
(443, 205)
(443, 209)
(444, 205)
(444, 209)
(445, 205)
(445, 209)
(446, 205)
(446, 208)
(446, 209)
(447, 205)
(447, 206)
(447, 208)
(447, 209)
(448, 205)
(448, 206)
(448, 208)
(448, 209)
(449, 205)
(449, 206)
(449, 208)
(449, 209)
(450, 205)
(450, 206)
(450, 208)
(450, 209)
(451, 205)
(451, 206)
(451, 208)
(451, 209)
(452, 205)
(452, 206)
(452, 208)
(452, 209)
(453, 205)
(453, 206)
(453, 208)
(453, 209)
(454, 205)
(454, 206)
(454, 208)
(454, 209)
(455, 205)
(455, 206)
(455, 208)
(455, 209)
(456, 205)
(456, 206)
(456, 208)
(456, 209)
(457, 205)
(457, 206)
(457, 208)
(457, 209)
(458, 205)
(458, 206)
(458, 208)
(458, 209)
(459, 205)
(459, 206)
(459, 208)
(459, 209)
(460, 205)
(460, 206)
(460, 208)
(460, 209)
(461, 205)
(461, 206)
(461, 208)
(461, 209)
(462, 205)
(462, 206)
(462, 208)
(462, 209)
(463, 205)
(463, 206)
(463, 208)
(463, 209)
(464, 205)
(464, 206)
(464, 208)
(464, 209)
(465, 205)
(465, 206)
(465, 208)
(465, 209)
(466, 205)
(466, 206)
(466, 208)
(466, 209)
(467, 205)
(467, 206)
(468, 205)
(468, 206)
(468, 207)
(468, 208)
(468, 209)
(469, 205)
(469, 206)
(469, 207)
(469, 208)
(469, 209)
(465, 210)
(466, 210)
(468, 210)
(469, 210)
(465, 211)
(466, 211)
(468, 211)
(469, 211)
(465, 212)
(466, 212)
(468, 212)
(469, 212)
(465, 213)
(466, 213)
(468, 213)
(469, 213)
(465, 214)
(466, 214)
(468, 214)
(469, 214)
(465, 215)
(466, 215)
(468, 215)
(469, 215)
(465, 216)
(466, 216)
(468, 216)
(469, 216)
(465, 217)
(466, 217)
(468, 217)
(469, 217)
(465, 218)
(466, 218)
(468, 218)
(469, 218)
(465, 219)
(466, 219)
(468, 219)
(469, 219)
(465, 220)
(466, 220)
(468, 220)
(469, 220)
(465, 221)
(466, 221)
(468, 221)
(469, 221)
(465, 222)
(466, 222)
(468, 222)
(469, 222)
(465, 223)
(466, 223)
(468, 223)
(469, 223)
(465, 224)
(466, 224)
(468, 224)
(469, 224)
(465, 225)
(466, 225)
(468, 225)
(469, 225)
(465, 226)
(466, 226)
(468, 226)
(469, 226)
(465, 227)
(466, 227)
(468, 227)
(469, 227)
(465, 228)
(466, 228)
(468, 228)
(469, 228)
(465, 229)
(466, 229)
(468, 229)
(469, 229)
(465, 230)
(466, 230)
(468, 230)
(469, 230)
(465, 231)
(466, 231)
(468, 231)
(469, 231)
(465, 232)
(466, 232)
(468, 232)
(469, 232)
(465, 233)
(466, 233)
(468, 233)
(469, 233)
(465, 234)
(466, 234)
(468, 234)
(469, 234)
(465, 235)
(466, 235)
(468, 235)
(469, 235)
(465, 236)
(466, 236)
(468, 236)
(469, 236)
(465, 237)
(466, 237)
(468, 237)
(469, 237)
(465, 238)
(466, 238)
(468, 238)
(469, 238)
(465, 239)
(466, 239)
(468, 239)
(469, 239)
(465, 240)
(466, 240)
(468, 240)
(469, 240)
(465, 241)
(466, 241)
(468, 241)
(469, 241)
(465, 242)
(466, 242)
(468, 242)
(469, 242)
(465, 243)
(466, 243)
(468, 243)
(469, 243)
(465, 244)
(466, 244)
(468, 244)
(469, 244)
(465, 245)
(466, 245)
(468, 245)
(469, 245)
(465, 246)
(466, 246)
(468, 246)
(469, 246)
(465, 247)
(466, 247)
(468, 247)
(469, 247)
(465, 248)
(466, 248)
(468, 248)
(469, 248)
(465, 249)
(466, 249)
(468, 249)
(469, 249)
(465, 250)
(466, 250)
(468, 250)
(469, 250)
(465, 251)
(466, 251)
(468, 251)
(469, 251)
(465, 252)
(466, 252)
(468, 252)
(469, 252)
(465, 253)
(466, 253)
(468, 253)
(469, 253)
(465, 254)
(466, 254)
(468, 254)
(469, 254)
(465, 255)
(466, 255)
(468, 255)
(469, 255)
(465, 256)
(466, 256)
(468, 256)
(469, 256)
(465, 257)
(466, 257)
(468, 257)
(469, 257)
(465, 258)
(466, 258)
(468, 258)
(469, 258)
(465, 259)
(466, 259)
(468, 259)
(469, 259)
(465, 260)
(466, 260)
(468, 260)
(469, 260)
(465, 261)
(466, 261)
(468, 261)
(469, 261)
(465, 262)
(466, 262)
(468, 262)
(469, 262)
(465, 263)
(466, 263)
(468, 263)
(469, 263)
(465, 264)
(466, 264)
(468, 264)
(469, 264)
(465, 265)
(466, 265)
(468, 265)
(469, 265)
(465, 266)
(466, 266)
(468, 266)
(469, 266)
(465, 267)
(466, 267)
(468, 267)
(469, 267)
(465, 268)
(466, 268)
(468, 268)
(469, 268)
(465, 269)
(466, 269)
(468, 269)
(469, 269)
(465, 270)
(466, 270)
(468, 270)
(469, 270)
(465, 271)
(466, 271)
(468, 271)
(469, 271)
(465, 272)
(466, 272)
(468, 272)
(469, 272)
(465, 273)
(466, 273)
(468, 273)
(469, 273)
(465, 274)
(466, 274)
(468, 274)
(469, 274)
(465, 275)
(466, 275)
(468, 275)
(469, 275)
(465, 276)
(466, 276)
(468, 276)
(469, 276)
(465, 277)
(466, 277)
(468, 277)
(469, 277)
(465, 278)
(466, 278)
(468, 278)
(469, 278)
(465, 279)
(466, 279)
(468, 279)
(469, 279)
(465, 280)
(466, 280)
(468, 280)
(469, 280)
(465, 281)
(466, 281)
(468, 281)
(469, 281)
(465, 282)
(466, 282)
(468, 282)
(469, 282)
(465, 283)
(466, 283)
(468, 283)
(469, 283)
(465, 284)
(466, 284)
(468, 284)
(469, 284)
(465, 285)
(466, 285)
(468, 285)
(469, 285)
(465, 286)
(466, 286)
(468, 286)
(469, 286)
(465, 287)
(466, 287)
(468, 287)
(469, 287)
(465, 288)
(466, 288)
(468, 288)
(469, 288)
(465, 289)
(466, 289)
(468, 289)
(469, 289)
(465, 290)
(466, 290)
(468, 290)
(469, 290)
(465, 291)
(466, 291)
(468, 291)
(469, 291)
(465, 292)
(466, 292)
(468, 292)
(469, 292)
(465, 293)
(466, 293)
(468, 293)
(469, 293)
(465, 294)
(466, 294)
(468, 294)
(469, 294)
(465, 295)
(466, 295)
(468, 295)
(469, 295)
(465, 296)
(466, 296)
(468, 296)
(469, 296)
(465, 297)
(466, 297)
(468, 297)
(469, 297)
(465, 298)
(466, 298)
(468, 298)
(469, 298)
(465, 299)
(466, 299)
(468, 299)
(469, 299)
(465, 300)
(466, 300)
(468, 300)
(469, 300)
(465, 301)
(466, 301)
(468, 301)
(469, 301)
(465, 302)
(466, 302)
(468, 302)
(469, 302)
(465, 303)
(466, 303)
(468, 303)
(469, 303)
(465, 304)
(466, 304)
(468, 304)
(469, 304)
(465, 305)
(466, 305)
(468, 305)
(469, 305)
(465, 306)
(466, 306)
(468, 306)
(469, 306)
(465, 307)
(466, 307)
(468, 307)
(469, 307)
(465, 308)
(466, 308)
(467, 308)
(469, 308)
(465, 309)
(466, 309)
(467, 309)
(468, 309)
(470, 306)
(470, 307)
(470, 308)
(470, 309)
(466, 310)
(467, 310)
(468, 310)
(469, 310)
(471, 307)
(471, 308)
(471, 309)
(471, 310)
(469, 311)
(470, 311)
(472, 308)
(472, 309)
(472, 310)
(472, 311)
(468, 312)
(469, 312)
(470, 312)
(471, 312)
(473, 309)
(473, 310)
(473, 311)
(473, 312)
(469, 313)
(470, 313)
(471, 313)
(472, 313)
(474, 310)
(474, 311)
(474, 312)
(474, 313)
(470, 314)
(471, 314)
(472, 314)
(473, 314)
(475, 311)
(475, 312)
(475, 313)
(475, 314)
(471, 315)
(472, 315)
(473, 315)
(474, 315)
(476, 312)
(476, 313)
(476, 314)
(476, 315)
(472, 316)
(473, 316)
(474, 316)
(475, 316)
(477, 313)
(477, 314)
(477, 315)
(477, 316)
(473, 317)
(474, 317)
(475, 317)
(476, 317)
(478, 314)
(478, 315)
(478, 316)
(478, 317)
(474, 318)
(475, 318)
(476, 318)
(477, 318)
(479, 315)
(479, 316)
(479, 317)
(479, 318)
(475, 319)
(476, 319)
(477, 319)
(478, 319)
(480, 316)
(480, 317)
(480, 318)
(480, 319)
(476, 320)
(477, 320)
(478, 320)
(479, 320)
(481, 317)
(481, 318)
(481, 319)
(481, 320)
(477, 321)
(478, 321)
(479, 321)
(480, 321)
(482, 318)
(482, 319)
(482, 320)
(482, 321)
(478, 322)
(479, 322)
(480, 322)
(481, 322)
(483, 319)
(483, 320)
(483, 321)
(483, 322)
(479, 323)
(480, 323)
(481, 323)
(482, 323)
(484, 320)
(484, 321)
(484, 322)
(484, 323)
(480, 324)
(481, 324)
(482, 324)
(483, 324)
(485, 321)
(485, 322)
(485, 323)
(485, 324)
(481, 325)
(482, 325)
(483, 325)
(484, 325)
(486, 322)
(486, 323)
(486, 324)
(486, 325)
(482, 326)
(483, 326)
(484, 326)
(485, 326)
(487, 323)
(487, 324)
(487, 325)
(487, 326)
(483, 327)
(484, 327)
(485, 327)
(486, 327)
(488, 324)
(488, 325)
(488, 326)
(488, 327)
(484, 328)
(485, 328)
(486, 328)
(487, 328)
(489, 325)
(489, 326)
(489, 327)
(489, 328)
(485, 329)
(486, 329)
(487, 329)
(488, 329)
(490, 326)
(490, 327)
(490, 328)
(490, 329)
(486, 330)
(487, 330)
(488, 330)
(489, 330)
(491, 327)
(491, 328)
(491, 329)
(491, 330)
(487, 331)
(488, 331)
(489, 331)
(490, 331)
(492, 328)
(492, 329)
(492, 330)
(492, 331)
(488, 332)
(489, 332)
(490, 332)
(491, 332)
(493, 329)
(493, 330)
(493, 331)
(493, 332)
(489, 333)
(490, 333)
(491, 333)
(492, 333)
(494, 330)
(494, 331)
(494, 332)
(494, 333)
(490, 334)
(491, 334)
(492, 334)
(493, 334)
(495, 331)
(495, 332)
(495, 333)
(495, 334)
(491, 335)
(492, 335)
(493, 335)
(494, 335)
(496, 332)
(496, 333)
(496, 334)
(496, 335)
(492, 336)
(493, 336)
(494, 336)
(495, 336)
(497, 333)
(497, 334)
(497, 335)
(497, 336)
(493, 337)
(494, 337)
(495, 337)
(496, 337)
(498, 334)
(498, 335)
(498, 336)
(498, 337)
(494, 338)
(495, 338)
(496, 338)
(497, 338)
(499, 335)
(499, 336)
(499, 337)
(499, 338)
(495, 339)
(496, 339)
(497, 339)
(498, 339)
(500, 336)
(500, 337)
(500, 338)
(500, 339)
(496, 340)
(497, 340)
(498, 340)
(499, 340)
(501, 337)
(501, 338)
(501, 339)
(501, 340)
(497, 341)
(498, 341)
(499, 341)
(501, 341)
(502, 338)
(502, 339)
(502, 340)
(502, 341)
(498, 342)
(499, 342)
(501, 342)
(502, 342)
(498, 343)
(499, 343)
(501, 343)
(502, 343)
(498, 344)
(499, 344)
(501, 344)
(502, 344)
(498, 345)
(499, 345)
(501, 345)
(502, 345)
(498, 346)
(499, 346)
(501, 346)
(502, 346)
(498, 347)
(499, 347)
(501, 347)
(502, 347)
(498, 348)
(499, 348)
(501, 348)
(502, 348)
(498, 349)
(499, 349)
(501, 349)
(502, 349)
(498, 350)
(499, 350)
(501, 350)
(502, 350)
(498, 351)
(499, 351)
(501, 351)
(502, 351)
(498, 352)
(499, 352)
(501, 352)
(502, 352)
(498, 353)
(499, 353)
(501, 353)
(502, 353)
(498, 354)
(499, 354)
(501, 354)
(502, 354)
(498, 355)
(499, 355)
(501, 355)
(502, 355)
(498, 356)
(499, 356)
(501, 356)
(502, 356)
(498, 357)
(499, 357)
(501, 357)
(502, 357)
(498, 358)
(499, 358)
(500, 358)
(502, 358)
(498, 359)
(499, 359)
(500, 359)
(501, 359)
(503, 356)
(503, 357)
(503, 358)
(503, 359)
(500, 360)
(501, 360)
(502, 360)
(504, 357)
(504, 358)
(504, 359)
(504, 360)
(500, 361)
(501, 361)
(502, 361)
(503, 361)
(505, 358)
(505, 359)
(505, 360)
(505, 361)
(501, 362)
(502, 362)
(503, 362)
(504, 362)
(506, 359)
(506, 360)
(506, 361)
(506, 362)
(502, 363)
(503, 363)
(504, 363)
(505, 363)
(507, 360)
(507, 361)
(507, 362)
(507, 363)
(503, 364)
(504, 364)
(505, 364)
(506, 364)
(508, 361)
(508, 362)
(508, 363)
(508, 364)
(504, 365)
(505, 365)
(506, 365)
(507, 365)
(509, 362)
(509, 363)
(509, 364)
(509, 365)
(505, 366)
(506, 366)
(507, 366)
(508, 366)
(510, 363)
(510, 364)
(510, 365)
(510, 366)
(506, 367)
(507, 367)
(508, 367)
(509, 367)
(511, 364)
(511, 365)
(511, 366)
(511, 367)
(507, 368)
(508, 368)
(509, 368)
(510, 368)
(512, 365)
(512, 366)
(512, 367)
(512, 368)
(508, 369)
(509, 369)
(510, 369)
(511, 369)
(513, 366)
(513, 367)
(513, 368)
(513, 369)
(509, 370)
(510, 370)
(511, 370)
(512, 370)
(514, 367)
(514, 368)
(514, 369)
(514, 370)
(510, 371)
(511, 371)
(512, 371)
(513, 371)
(515, 368)
(515, 369)
(515, 370)
(515, 371)
(511, 372)
(512, 372)
(513, 372)
(514, 372)
(516, 369)
(516, 370)
(516, 371)
(516, 372)
(512, 373)
(513, 373)
(514, 373)
(515, 373)
(517, 370)
(517, 371)
(517, 372)
(513, 374)
(514, 374)
(515, 374)
(516, 374)
(517, 374)
(518, 371)
(518, 372)
(518, 374)
(514, 375)
(515, 375)
(516, 375)
(517, 375)
(518, 375)
(519, 371)
(519, 372)
(519, 374)
(519, 375)
(520, 371)
(520, 372)
(520, 374)
(520, 375)
(521, 371)
(521, 372)
(521, 374)
(521, 375)
(522, 371)
(522, 372)
(522, 374)
(522, 375)
(523, 371)
(523, 372)
(523, 374)
(523, 375)
(524, 371)
(524, 372)
(524, 374)
(524, 375)
(525, 371)
(525, 372)
(525, 374)
(525, 375)
(526, 371)
(526, 372)
(526, 374)
(526, 375)
(527, 371)
(527, 372)
(527, 374)
(527, 375)
(528, 371)
(528, 372)
(528, 374)
(528, 375)
(529, 371)
(529, 372)
(529, 374)
(529, 375)
(530, 371)
(530, 372)
(530, 374)
(530, 375)
(531, 371)
(531, 372)
(531, 374)
(531, 375)
(532, 371)
(532, 372)
(532, 374)
(532, 375)
(533, 371)
(533, 372)
(533, 374)
(533, 375)
(534, 371)
(534, 372)
(534, 374)
(534, 375)
(535, 371)
(535, 372)
(535, 374)
(535, 375)
(536, 371)
(536, 372)
(536, 374)
(536, 375)
(537, 371)
(537, 372)
(537, 374)
(537, 375)
(538, 371)
(538, 372)
(538, 374)
(538, 375)
(539, 371)
(539, 372)
(539, 374)
(539, 375)
(540, 371)
(540, 372)
(540, 373)
(540, 375)
(541, 371)
(541, 372)
(541, 373)
(541, 374)
(542, 372)
(542, 373)
(542, 374)
(542, 375)
(538, 376)
(539, 376)
(540, 376)
(541, 376)
(543, 373)
(543, 374)
(543, 375)
(543, 376)
(539, 377)
(540, 377)
(541, 377)
(542, 377)
(544, 374)
(544, 375)
(544, 376)
(544, 377)
(540, 378)
(541, 378)
(542, 378)
(543, 378)
(545, 375)
(545, 376)
(545, 377)
(545, 378)
(541, 379)
(542, 379)
(543, 379)
(544, 379)
(546, 376)
(546, 377)
(546, 378)
(546, 379)
(542, 380)
(543, 380)
(544, 380)
(545, 380)
(547, 377)
(547, 378)
(547, 379)
(547, 380)
(543, 381)
(544, 381)
(545, 381)
(546, 381)
(548, 378)
(548, 379)
(548, 380)
(548, 381)
(544, 382)
(545, 382)
(546, 382)
(547, 382)
(549, 379)
(549, 380)
(549, 381)
(549, 382)
(545, 383)
(546, 383)
(547, 383)
(548, 383)
(550, 380)
(550, 381)
(550, 382)
(550, 383)
(546, 384)
(547, 384)
(548, 384)
(549, 384)
(551, 381)
(551, 382)
(551, 383)
(551, 384)
(547, 385)
(548, 385)
(549, 385)
(550, 385)
(552, 382)
(552, 383)
(552, 384)
(552, 385)
(548, 386)
(549, 386)
(550, 386)
(551, 386)
(553, 383)
(553, 384)
(553, 385)
(553, 386)
(549, 387)
(550, 387)
(551, 387)
(552, 387)
(554, 384)
(554, 385)
(554, 386)
(554, 387)
(550, 388)
(551, 388)
(552, 388)
(553, 388)
(555, 385)
(555, 386)
(555, 387)
(555, 388)
(551, 389)
(552, 389)
(553, 389)
(554, 389)
(556, 386)
(556, 387)
(556, 388)
(556, 389)
(552, 390)
(553, 390)
(554, 390)
(555, 390)
(557, 387)
(557, 388)
(557, 389)
(557, 390)
(553, 391)
(554, 391)
(555, 391)
(556, 391)
(558, 388)
(558, 389)
(558, 390)
(558, 391)
(554, 392)
(555, 392)
(556, 392)
(557, 392)
(559, 389)
(559, 390)
(559, 391)
(559, 392)
(555, 393)
(556, 393)
(557, 393)
(558, 393)
(560, 390)
(560, 391)
(560, 392)
(560, 393)
(556, 394)
(557, 394)
(558, 394)
(559, 394)
(561, 391)
(561, 392)
(561, 393)
(561, 394)
(557, 395)
(558, 395)
(559, 395)
(560, 395)
(562, 392)
(562, 393)
(562, 394)
(562, 395)
(558, 396)
(559, 396)
(560, 396)
(561, 396)
(563, 393)
(563, 394)
(563, 395)
(563, 396)
(559, 397)
(560, 397)
(561, 397)
(562, 397)
(564, 394)
(564, 395)
(564, 396)
(564, 397)
(560, 398)
(561, 398)
(562, 398)
(563, 398)
(565, 395)
(565, 396)
(565, 397)
(565, 398)
(561, 399)
(562, 399)
(563, 399)
(564, 399)
(566, 396)
(566, 397)
(566, 398)
(566, 399)
(562, 400)
(563, 400)
(564, 400)
(565, 400)
(567, 397)
(567, 398)
(567, 399)
(567, 400)
(563, 401)
(564, 401)
(565, 401)
(566, 401)
(568, 398)
(568, 399)
(568, 400)
(568, 401)
(564, 402)
(565, 402)
(566, 402)
(567, 402)
(569, 399)
(569, 400)
(569, 401)
(569, 402)
(565, 403)
(566, 403)
(567, 403)
(568, 403)
(570, 400)
(570, 401)
(570, 402)
(570, 403)
(566, 404)
(567, 404)
(568, 404)
(569, 404)
(571, 401)
(571, 402)
(571, 403)
(571, 404)
(567, 405)
(568, 405)
(569, 405)
(570, 405)
(572, 402)
(572, 403)
(572, 404)
(572, 405)
(568, 406)
(569, 406)
(570, 406)
(571, 406)
(573, 403)
(573, 404)
(573, 405)
(573, 406)
(569, 407)
(570, 407)
(571, 407)
(572, 407)
(574, 404)
(574, 405)
(574, 406)
(574, 407)
(570, 408)
(571, 408)
(572, 408)
(573, 408)
(575, 405)
(575, 406)
(575, 407)
(575, 408)
(571, 409)
(572, 409)
(573, 409)
(574, 409)
(576, 406)
(576, 407)
(576, 408)
(576, 409)
(572, 410)
(573, 410)
(574, 410)
(575, 410)
(577, 407)
(577, 408)
(577, 409)
(577, 410)
(573, 411)
(574, 411)
(575, 411)
(576, 411)
(578, 408)
(578, 409)
(578, 410)
(578, 411)
(574, 412)
(575, 412)
(576, 412)
(577, 412)
(579, 409)
(579, 410)
(579, 411)
(579, 412)
(575, 413)
(576, 413)
(577, 413)
(578, 413)
(580, 410)
(580, 411)
(580, 412)
(580, 413)
(576, 414)
(577, 414)
(578, 414)
(579, 414)
(581, 411)
(581, 412)
(581, 413)
(581, 414)
(577, 415)
(578, 415)
(579, 415)
(580, 415)
(582, 412)
(582, 413)
(582, 414)
(582, 415)
(578, 416)
(579, 416)
(580, 416)
(581, 416)
(583, 413)
(583, 414)
(583, 415)
(583, 416)
(579, 417)
(580, 417)
(581, 417)
(582, 417)
(584, 414)
(584, 415)
(584, 416)
(584, 417)
(580, 418)
(581, 418)
(582, 418)
(583, 418)
(585, 415)
(585, 416)
(585, 417)
(585, 418)
(581, 419)
(582, 419)
(583, 419)
(584, 419)
(586, 416)
(586, 417)
(586, 418)
(586, 419)
(582, 420)
(583, 420)
(584, 420)
(585, 420)
(587, 417)
(587, 418)
(587, 419)
(587, 420)
(583, 421)
(584, 421)
(585, 421)
(586, 421)
(588, 418)
(588, 419)
(588, 420)
(588, 421)
(584, 422)
(585, 422)
(586, 422)
(587, 422)
(589, 419)
(589, 420)
(589, 421)
(589, 422)
(585, 423)
(586, 423)
(587, 423)
(588, 423)
(590, 420)
(590, 421)
(590, 422)
(590, 423)
(586, 424)
(587, 424)
(588, 424)
(589, 424)
(591, 421)
(591, 422)
(591, 423)
(591, 424)
(587, 425)
(588, 425)
(589, 425)
(590, 425)
(592, 422)
(592, 423)
(592, 424)
(592, 425)
(588, 426)
(589, 426)
(590, 426)
(591, 426)
(593, 423)
(593, 424)
(593, 425)
(593, 426)
(589, 427)
(590, 427)
(591, 427)
(592, 427)
(594, 424)
(594, 425)
(594, 426)
(594, 427)
(590, 428)
(591, 428)
(592, 428)
(593, 428)
(595, 425)
(595, 426)
(595, 427)
(595, 428)
(591, 429)
(592, 429)
(593, 429)
(594, 429)
(596, 426)
(596, 427)
(596, 428)
(596, 429)
(592, 430)
(593, 430)
(594, 430)
(595, 430)
(597, 427)
(597, 428)
(597, 429)
(597, 430)
(593, 431)
(594, 431)
(595, 431)
(596, 431)
(598, 428)
(598, 429)
(598, 430)
(598, 431)
(594, 432)
(595, 432)
(596, 432)
(597, 432)
(599, 429)
(599, 430)
(599, 431)
(599, 432)
(595, 433)
(596, 433)
(597, 433)
(598, 433)
(600, 430)
(600, 431)
(600, 432)
(600, 433)
(596, 434)
(597, 434)
(598, 434)
(599, 434)
(601, 431)
(601, 432)
(601, 433)
(601, 434)
(597, 435)
(598, 435)
(599, 435)
(600, 435)
(602, 432)
(602, 433)
(602, 434)
(602, 435)
(598, 436)
(599, 436)
(600, 436)
(601, 436)
(603, 433)
(603, 434)
(603, 435)
(603, 436)
(599, 437)
(600, 437)
(601, 437)
(602, 437)
(604, 434)
(604, 435)
(604, 436)
(604, 437)
(600, 438)
(601, 438)
(602, 438)
(603, 438)
(605, 435)
(605, 436)
(605, 437)
(605, 438)
(601, 439)
(602, 439)
(603, 439)
(604, 439)
(606, 436)
(606, 437)
(606, 438)
(606, 439)
(602, 440)
(603, 440)
(604, 440)
(605, 440)
(607, 437)
(607, 438)
(607, 439)
(607, 440)
(603, 441)
(604, 441)
(605, 441)
(606, 441)
(608, 438)
(608, 439)
(608, 440)
(608, 441)
(604, 442)
(605, 442)
(606, 442)
(607, 442)
(609, 439)
(609, 440)
(609, 441)
(609, 442)
(605, 443)
(606, 443)
(607, 443)
(608, 443)
(610, 440)
(610, 441)
(610, 442)
(610, 443)
(606, 444)
(607, 444)
(608, 444)
(609, 444)
(611, 441)
(611, 442)
(611, 443)
(611, 444)
(607, 445)
(608, 445)
(609, 445)
(610, 445)
(612, 442)
(612, 443)
(612, 444)
(612, 445)
(608, 446)
(609, 446)
(610, 446)
(611, 446)
(613, 443)
(613, 444)
(613, 445)
(613, 446)
(609, 447)
(610, 447)
(611, 447)
(612, 447)
(614, 444)
(614, 445)
(614, 446)
(614, 447)
(610, 448)
(611, 448)
(612, 448)
(613, 448)
(615, 445)
(615, 446)
(615, 447)
(615, 448)
(611, 449)
(612, 449)
(613, 449)
(614, 449)
(616, 446)
(616, 447)
(616, 448)
(616, 449)
(612, 450)
(613, 450)
(614, 450)
(615, 450)
(617, 449)
(617, 450)
(613, 451)
(614, 451)
(615, 451)
(616, 451)
(618, 449)
(618, 450)
(618, 451)
(614, 452)
(615, 452)
(616, 452)
(617, 452)
(619, 449)
(619, 450)
(619, 451)
(619, 452)
(615, 453)
(616, 453)
(617, 453)
(618, 453)
(620, 450)
(620, 451)
(620, 452)
(620, 453)
(616, 454)
(617, 454)
(618, 454)
(619, 454)
(621, 451)
(621, 452)
(621, 453)
(621, 454)
(617, 455)
(618, 455)
(619, 455)
(620, 455)
(622, 452)
(622, 453)
(622, 454)
(622, 455)
(618, 456)
(619, 456)
(620, 456)
(621, 456)
(623, 453)
(623, 454)
(623, 455)
(623, 456)
(619, 457)
(620, 457)
(621, 457)
(622, 457)
(624, 454)
(624, 455)
(624, 456)
(624, 457)
(620, 458)
(621, 458)
(622, 458)
(623, 458)
(625, 455)
(625, 456)
(625, 457)
(625, 458)
(621, 459)
(622, 459)
(623, 459)
(624, 459)
(626, 456)
(626, 457)
(626, 458)
(626, 459)
(622, 460)
(623, 460)
(624, 460)
(625, 460)
(627, 457)
(627, 458)
(627, 459)
(623, 461)
(624, 461)
(625, 461)
(626, 461)
(627, 461)
(628, 458)
(628, 459)
(628, 461)
(624, 462)
(625, 462)
(626, 462)
(627, 462)
(628, 462)
(629, 458)
(629, 459)
(629, 461)
(629, 462)
(630, 458)
(630, 459)
(630, 461)
(631, 458)
(631, 459)
(631, 460)
(632, 458)
(632, 459)
(632, 460)
(632, 461)
(633, 459)
(633, 460)
(633, 461)
(633, 462)
(629, 463)
(631, 463)
(632, 463)
(634, 460)
(634, 461)
(634, 462)
(634, 463)
(631, 464)
(632, 464)
(633, 464)
(635, 461)
(635, 462)
(635, 463)
(635, 464)
(631, 465)
(632, 465)
(633, 465)
(634, 465)
(636, 462)
(636, 463)
(636, 464)
(636, 465)
(632, 466)
(633, 466)
(634, 466)
(635, 466)
(637, 463)
(637, 464)
(637, 465)
(637, 466)
(633, 467)
(634, 467)
(635, 467)
(636, 467)
(638, 464)
(638, 465)
(638, 466)
(638, 467)
(634, 468)
(635, 468)
(636, 468)
(637, 468)
(639, 465)
(639, 466)
(639, 467)
(639, 468)
(635, 469)
(636, 469)
(637, 469)
(638, 469)
(640, 466)
(640, 467)
(640, 468)
(640, 469)
(636, 470)
(637, 470)
(638, 470)
(639, 470)
(641, 467)
(641, 468)
(641, 469)
(641, 470)
(637, 471)
(638, 471)
(639, 471)
(641, 471)
(642, 468)
(642, 469)
(642, 470)
(642, 471)
(638, 472)
(639, 472)
(641, 472)
(642, 472)
(638, 473)
(639, 473)
(641, 473)
(642, 473)
(638, 474)
(639, 474)
(641, 474)
(642, 474)
(638, 475)
(639, 475)
(641, 475)
(642, 475)
(638, 476)
(639, 476)
(640, 476)
(642, 476)
(638, 477)
(639, 477)
(640, 477)
(641, 477)
(643, 474)
(643, 475)
(643, 476)
(643, 477)
(639, 478)
(640, 478)
(641, 478)
(642, 478)
(644, 475)
(644, 476)
(644, 477)
(644, 478)
(640, 479)
(641, 479)
(642, 479)
(643, 479)
(645, 476)
(645, 477)
(645, 478)
(645, 479)
(641, 480)
(642, 480)
(643, 480)
(644, 480)
(646, 477)
(646, 478)
(646, 479)
(646, 480)
(642, 481)
(643, 481)
(644, 481)
(645, 481)
(647, 478)
(647, 479)
(647, 480)
(647, 481)
(643, 482)
(644, 482)
(645, 482)
(646, 482)
(648, 479)
(648, 480)
(648, 481)
(648, 482)
(644, 483)
(645, 483)
(646, 483)
(647, 483)
(649, 480)
(649, 481)
(649, 482)
(649, 483)
(645, 484)
(646, 484)
(647, 484)
(648, 484)
(650, 481)
(650, 482)
(650, 483)
(650, 484)
(646, 485)
(647, 485)
(648, 485)
(649, 485)
(651, 482)
(651, 483)
(651, 484)
(651, 485)
(647, 486)
(648, 486)
(649, 486)
(650, 486)
(652, 483)
(652, 484)
(652, 485)
(652, 486)
(648, 487)
(649, 487)
(650, 487)
(651, 487)
(653, 484)
(653, 485)
(653, 486)
(653, 487)
(649, 488)
(650, 488)
(651, 488)
(653, 488)
(654, 485)
(654, 486)
(654, 487)
(654, 488)
(650, 489)
(651, 489)
(653, 489)
(650, 490)
(651, 490)
(653, 490)
(650, 491)
(651, 491)
(653, 491)
(654, 491)
(650, 492)
(651, 492)
(653, 492)
(654, 492)
(650, 493)
(651, 493)
(652, 493)
(654, 493)
(650, 494)
(651, 494)
(653, 494)
(655, 491)
(655, 492)
(655, 493)
(655, 494)
(651, 495)
(654, 495)
(656, 492)
(656, 493)
(656, 494)
(656, 495)
(652, 496)
(655, 496)
(657, 493)
(657, 494)
(657, 495)
(657, 496)
(653, 497)
(656, 497)
(658, 494)
(658, 495)
(658, 496)
(658, 497)
(654, 498)
(657, 498)
(659, 495)
(659, 496)
(659, 497)
(659, 498)
(655, 499)
(658, 499)
(660, 496)
(660, 497)
(660, 498)
(660, 499)
(656, 500)
(659, 500)
(661, 497)
(661, 498)
(661, 499)
(661, 500)
(657, 501)
(660, 501)
(662, 498)
(662, 499)
(662, 500)
(662, 501)
(658, 502)
(660, 502)
(661, 502)
(663, 499)
(663, 500)
(663, 501)
(663, 502)
(660, 503)
(661, 503)
(663, 503)
(664, 500)
(664, 501)
(664, 502)
(664, 503)
(660, 504)
(661, 504)
(663, 504)
(660, 505)
(661, 505)
(663, 505)
(664, 505)
(660, 506)
(661, 506)
(663, 506)
(664, 506)
(660, 507)
(661, 507)
(663, 507)
(664, 507)
(660, 508)
(661, 508)
(663, 508)
(664, 508)
(660, 509)
(661, 509)
(662, 509)
(664, 509)
(660, 510)
(661, 510)
(662, 510)
(663, 510)
(665, 507)
(665, 508)
(665, 509)
(665, 510)
(661, 511)
(662, 511)
(663, 511)
(664, 511)
(666, 509)
(666, 510)
(666, 511)
(662, 512)
(663, 512)
(664, 512)
(665, 512)
(667, 509)
(667, 510)
(667, 511)
(667, 512)
(663, 513)
(664, 513)
(665, 513)
(666, 513)
(668, 510)
(668, 511)
(668, 512)
(668, 513)
(664, 514)
(665, 514)
(666, 514)
(667, 514)
(669, 511)
(669, 512)
(669, 513)
(669, 514)
(665, 515)
(666, 515)
(667, 515)
(668, 515)
(670, 512)
(670, 513)
(670, 514)
(670, 515)
(666, 516)
(667, 516)
(668, 516)
(669, 516)
(671, 513)
(671, 514)
(671, 515)
(671, 516)
(667, 517)
(668, 517)
(669, 517)
(670, 517)
(672, 514)
(672, 515)
(672, 516)
(672, 517)
(668, 518)
(669, 518)
(670, 518)
(671, 518)
(673, 515)
(673, 516)
(673, 517)
(673, 518)
(669, 519)
(670, 519)
(671, 519)
(672, 519)
(674, 516)
(674, 517)
(674, 518)
(674, 519)
(670, 520)
(671, 520)
(672, 520)
(673, 520)
(675, 517)
(675, 518)
(675, 519)
(675, 520)
(671, 521)
(672, 521)
(673, 521)
(674, 521)
(676, 518)
(676, 519)
(676, 520)
(676, 521)
(672, 522)
(673, 522)
(674, 522)
(675, 522)
(677, 519)
(677, 520)
(677, 521)
(677, 522)
(673, 523)
(674, 523)
(675, 523)
(676, 523)
(678, 520)
(678, 521)
(678, 522)
(674, 524)
(675, 524)
(676, 524)
(677, 524)
(678, 524)
(679, 521)
(679, 522)
(679, 524)
(675, 525)
(676, 525)
(677, 525)
(678, 525)
(679, 525)
(680, 521)
(680, 522)
(680, 524)
(680, 525)
(681, 521)
(681, 522)
(681, 524)
(681, 525)
(682, 521)
(682, 522)
(682, 524)
(682, 525)
(683, 521)
(683, 522)
(683, 524)
(683, 525)
(684, 521)
(684, 522)
(684, 524)
(684, 525)
(685, 521)
(685, 522)
(685, 524)
(685, 525)
(686, 521)
(686, 522)
(686, 524)
(686, 525)
(687, 521)
(687, 522)
(687, 524)
(687, 525)
(688, 521)
(688, 522)
(688, 524)
(688, 525)
(689, 521)
(689, 522)
(689, 524)
(689, 525)
(690, 521)
(690, 522)
(690, 523)
(690, 525)
(691, 521)
(691, 522)
(691, 523)
(691, 524)
(692, 522)
(692, 523)
(692, 524)
(692, 525)
(688, 526)
(689, 526)
(690, 526)
(691, 526)
(693, 524)
(693, 525)
(693, 526)
(689, 527)
(690, 527)
(691, 527)
(692, 527)
(694, 524)
(694, 525)
(694, 526)
(694, 527)
(690, 528)
(691, 528)
(692, 528)
(693, 528)
(695, 525)
(695, 526)
(695, 527)
(695, 528)
(691, 529)
(692, 529)
(693, 529)
(694, 529)
(696, 526)
(696, 527)
(696, 528)
(696, 529)
(692, 530)
(693, 530)
(694, 530)
(695, 530)
(697, 527)
(697, 528)
(697, 529)
(697, 530)
(693, 531)
(694, 531)
(695, 531)
(696, 531)
(698, 528)
(698, 529)
(698, 530)
(698, 531)
(694, 532)
(695, 532)
(696, 532)
(697, 532)
(699, 529)
(699, 530)
(699, 531)
(699, 532)
(695, 533)
(696, 533)
(697, 533)
(698, 533)
(700, 530)
(700, 531)
(700, 532)
(700, 533)
(696, 534)
(697, 534)
(698, 534)
(699, 534)
(701, 531)
(701, 532)
(701, 533)
(701, 534)
(697, 535)
(698, 535)
(699, 535)
(700, 535)
(702, 532)
(702, 533)
(702, 534)
(702, 535)
(698, 536)
(699, 536)
(700, 536)
(701, 536)
(703, 533)
(703, 534)
(703, 535)
(703, 536)
(699, 537)
(700, 537)
(701, 537)
(702, 537)
(704, 534)
(704, 535)
(704, 536)
(704, 537)
(700, 538)
(701, 538)
(702, 538)
(703, 538)
(705, 535)
(705, 536)
(705, 537)
(705, 538)
(701, 539)
(702, 539)
(703, 539)
(704, 539)
(706, 536)
(706, 537)
(706, 538)
(706, 539)
(702, 540)
(703, 540)
(704, 540)
(705, 540)
(707, 537)
(707, 538)
(707, 539)
(707, 540)
(703, 541)
(705, 541)
(706, 541)
(708, 538)
(708, 539)
(708, 540)
(708, 541)
(707, 542)
(709, 539)
(709, 540)
(709, 541)
(709, 542)
(706, 543)
(707, 543)
(708, 543)
(710, 540)
(710, 541)
(710, 542)
(710, 543)
(706, 544)
(707, 544)
(708, 544)
(709, 544)
(711, 541)
(711, 542)
(711, 543)
(711, 544)
(707, 545)
(708, 545)
(709, 545)
(710, 545)
(712, 542)
(712, 543)
(712, 544)
(712, 545)
(708, 546)
(709, 546)
(710, 546)
(711, 546)
(713, 543)
(713, 544)
(713, 545)
(713, 546)
(709, 547)
(710, 547)
(711, 547)
(712, 547)
(714, 544)
(714, 545)
(714, 546)
(714, 547)
(710, 548)
(711, 548)
(712, 548)
(713, 548)
(715, 545)
(715, 546)
(715, 547)
(715, 548)
(711, 549)
(712, 549)
(713, 549)
(714, 549)
(716, 546)
(716, 547)
(716, 548)
(716, 549)
(712, 550)
(713, 550)
(714, 550)
(715, 550)
(717, 540)
(717, 541)
(717, 542)
(717, 543)
(717, 544)
(717, 545)
(717, 546)
(717, 547)
(717, 548)
(717, 549)
(717, 550)
(713, 551)
(714, 551)
(715, 551)
(716, 551)
(718, 540)
(718, 541)
(718, 542)
(718, 543)
(718, 544)
(718, 545)
(718, 546)
(718, 547)
(718, 548)
(718, 549)
(718, 550)
(718, 551)
(714, 552)
(715, 552)
(716, 552)
(717, 552)
(719, 540)
(719, 541)
(719, 542)
(719, 543)
(719, 544)
(719, 545)
(719, 546)
(719, 547)
(719, 548)
(719, 549)
(719, 550)
(719, 551)
(719, 552)
(720, 540)
(720, 541)
(720, 542)
(720, 543)
(720, 544)
(720, 545)
(720, 546)
(720, 547)
(720, 548)
(720, 549)
(720, 550)
(720, 551)
(720, 552)
(721, 540)
(721, 541)
(721, 542)
(721, 543)
(721, 544)
(721, 545)
(721, 546)
(721, 547)
(721, 548)
(721, 549)
(721, 550)
(721, 551)
(721, 552)
(715, 553)
(716, 553)
(717, 553)
(718, 553)
(720, 550)
(720, 551)
(720, 552)
(720, 553)
(716, 554)
(717, 554)
(718, 554)
(719, 554)
(721, 551)
(721, 552)
(721, 553)
(721, 554)
(717, 555)
(718, 555)
(719, 555)
(720, 555)
(722, 552)
(722, 553)
(722, 554)
(722, 555)
(718, 556)
(719, 556)
(720, 556)
(721, 556)
(723, 553)
(723, 554)
(723, 555)
(723, 556)
(719, 557)
(720, 557)
(721, 557)
(722, 557)
(724, 554)
(724, 555)
(724, 556)
(724, 557)
(720, 558)
(721, 558)
(722, 558)
(723, 558)
(725, 555)
(725, 556)
(725, 557)
(725, 558)
(721, 559)
(722, 559)
(723, 559)
(724, 559)
(726, 556)
(726, 557)
(726, 558)
(726, 559)
(722, 560)
(723, 560)
(724, 560)
(725, 560)
(727, 557)
(727, 558)
(727, 559)
(727, 560)
(723, 561)
(724, 561)
(725, 561)
(726, 561)
(728, 558)
(728, 559)
(728, 560)
(728, 561)
(724, 562)
(725, 562)
(726, 562)
(727, 562)
(729, 559)
(729, 560)
(729, 561)
(729, 562)
(725, 563)
(726, 563)
(727, 563)
(728, 563)
(730, 560)
(730, 561)
(730, 562)
(730, 563)
(726, 564)
(727, 564)
(728, 564)
(729, 564)
(731, 561)
(731, 562)
(731, 563)
(731, 564)
(727, 565)
(728, 565)
(729, 565)
(730, 565)
(732, 562)
(732, 563)
(732, 564)
(732, 565)
(728, 566)
(729, 566)
(730, 566)
(731, 566)
(733, 563)
(733, 564)
(733, 565)
(733, 566)
(729, 567)
(730, 567)
(731, 567)
(732, 567)
(734, 564)
(734, 565)
(734, 566)
(734, 567)
(730, 568)
(731, 568)
(732, 568)
(733, 568)
(735, 565)
(735, 566)
(735, 567)
(735, 568)
(731, 569)
(732, 569)
(733, 569)
(734, 569)
(736, 566)
(736, 567)
(736, 568)
(736, 569)
(732, 570)
(733, 570)
(734, 570)
(735, 570)
(737, 567)
(737, 568)
(737, 569)
(737, 570)
(733, 571)
(734, 571)
(735, 571)
(736, 571)
(738, 568)
(738, 569)
(738, 570)
(738, 571)
(734, 572)
(735, 572)
(736, 572)
(737, 572)
(739, 569)
(739, 570)
(739, 571)
(739, 572)
(735, 573)
(736, 573)
(737, 573)
(738, 573)
(740, 570)
(740, 571)
(740, 572)
(740, 573)
(736, 574)
(737, 574)
(738, 574)
(739, 574)
(741, 571)
(741, 572)
(741, 573)
(741, 574)
(737, 575)
(738, 575)
(739, 575)
(740, 575)
(742, 572)
(742, 573)
(742, 574)
(742, 575)
(738, 576)
(739, 576)
(740, 576)
(741, 576)
(743, 573)
(743, 574)
(743, 575)
(743, 576)
(739, 577)
(740, 577)
(741, 577)
(742, 577)
(744, 574)
(744, 575)
(744, 576)
(744, 577)
(740, 578)
(741, 578)
(742, 578)
(743, 578)
(745, 575)
(745, 576)
(745, 577)
(745, 578)
(741, 579)
(742, 579)
(743, 579)
(744, 579)
(746, 576)
(746, 577)
(746, 578)
(746, 579)
(742, 580)
(743, 580)
(744, 580)
(745, 580)
(747, 577)
(747, 578)
(747, 579)
(747, 580)
(743, 581)
(744, 581)
(745, 581)
(746, 581)
(748, 578)
(748, 579)
(748, 580)
(748, 581)
(744, 582)
(745, 582)
(746, 582)
(747, 582)
(749, 579)
(749, 580)
(749, 581)
(749, 582)
(745, 583)
(746, 583)
(747, 583)
(748, 583)
(750, 580)
(750, 581)
(750, 582)
(750, 583)
(746, 584)
(747, 584)
(748, 584)
(749, 584)
(751, 581)
(751, 582)
(751, 583)
(751, 584)
(747, 585)
(748, 585)
(749, 585)
(750, 585)
(752, 582)
(752, 583)
(752, 584)
(752, 585)
(748, 586)
(749, 586)
(750, 586)
(751, 586)
(753, 583)
(753, 584)
(753, 585)
(753, 586)
(749, 587)
(750, 587)
(751, 587)
(752, 587)
(754, 584)
(754, 585)
(754, 586)
(754, 587)
(750, 588)
(751, 588)
(752, 588)
(753, 588)
(755, 585)
(755, 586)
(755, 587)
(751, 589)
(752, 589)
(753, 589)
(754, 589)
(755, 589)
(756, 586)
(756, 587)
(756, 589)
(752, 590)
(753, 590)
(754, 590)
(755, 590)
(756, 590)
(757, 586)
(757, 587)
(757, 589)
(757, 590)
(758, 586)
(758, 587)
(758, 589)
(758, 590)
(759, 586)
(759, 587)
(759, 589)
(759, 590)
(760, 586)
(760, 587)
(760, 589)
(760, 590)
(761, 586)
(761, 587)
(761, 589)
(761, 590)
(762, 586)
(762, 587)
(762, 589)
(762, 590)
(763, 586)
(763, 587)
(763, 589)
(763, 590)
(764, 586)
(764, 587)
(764, 589)
(765, 586)
(765, 587)
(765, 589)
(766, 586)
(766, 587)
(766, 589)
(767, 586)
(767, 587)
(767, 589)
(767, 590)
(768, 586)
(768, 587)
(768, 589)
(768, 590)
(769, 586)
(769, 587)
(769, 589)
(769, 590)
(770, 586)
(770, 587)
(770, 589)
(770, 590)
(771, 586)
(771, 587)
(771, 589)
(771, 590)
(772, 586)
(772, 587)
(772, 589)
(772, 590)
(773, 586)
(773, 587)
(773, 589)
(773, 590)
(774, 586)
(774, 587)
(774, 589)
(774, 590)
(775, 586)
(775, 587)
(775, 589)
(775, 590)
(776, 586)
(776, 587)
(776, 589)
(776, 590)
(777, 586)
(777, 587)
(777, 589)
(777, 590)
(778, 586)
(778, 587)
(778, 589)
(778, 590)
(779, 586)
(779, 587)
(779, 589)
(779, 590)
(780, 586)
(780, 587)
(780, 589)
(780, 590)
(781, 586)
(781, 587)
(781, 589)
(781, 590)
(782, 586)
(782, 587)
(782, 589)
(782, 590)
(783, 586)
(783, 587)
(783, 589)
(783, 590)
(784, 586)
(784, 587)
(784, 589)
(784, 590)
(785, 586)
(785, 587)
(785, 589)
(785, 590)
(786, 586)
(786, 587)
(786, 589)
(786, 590)
(787, 586)
(787, 587)
(787, 589)
(787, 590)
(788, 586)
(788, 587)
(788, 589)
(788, 590)
(789, 586)
(789, 587)
(789, 589)
(789, 590)
(790, 586)
(790, 587)
(790, 589)
(790, 590)
(791, 586)
(791, 587)
(791, 589)
(791, 590)
(792, 586)
(792, 587)
(792, 589)
(792, 590)
(793, 586)
(793, 587)
(793, 589)
(793, 590)
(794, 586)
(794, 587)
(794, 589)
(794, 590)
(795, 586)
(795, 587)
(795, 588)
(795, 590)
(796, 586)
(796, 587)
(796, 588)
(796, 589)
(797, 587)
(797, 588)
(797, 589)
(797, 590)
(793, 591)
(794, 591)
(795, 591)
(796, 591)
(798, 588)
(798, 589)
(798, 590)
(798, 591)
(794, 592)
(795, 592)
(796, 592)
(798, 592)
(799, 589)
(799, 590)
(799, 591)
(799, 592)
(795, 593)
(796, 593)
(798, 593)
(799, 593)
(795, 594)
(796, 594)
(798, 594)
(799, 594)
(795, 595)
(796, 595)
(798, 595)
(799, 595)
(795, 596)
(796, 596)
(797, 596)
(799, 596)
(795, 597)
(796, 597)
(797, 597)
(798, 597)
(800, 595)
(800, 596)
(800, 597)
(796, 598)
(797, 598)
(798, 598)
(799, 598)
(801, 595)
(801, 596)
(801, 597)
(801, 598)
(797, 599)
(798, 599)
(799, 599)
(800, 599)
(802, 596)
(802, 597)
(802, 598)
(802, 599)
(798, 600)
(799, 600)
(800, 600)
(801, 600)
(803, 597)
(803, 598)
(803, 599)
(803, 600)
(799, 601)
(800, 601)
(801, 601)
(802, 601)
(804, 598)
(804, 599)
(804, 600)
(804, 601)
(800, 602)
(801, 602)
(802, 602)
(803, 602)
(805, 599)
(805, 600)
(805, 601)
(805, 602)
(801, 603)
(802, 603)
(803, 603)
(804, 603)
(806, 600)
(806, 601)
(806, 602)
(806, 603)
(802, 604)
(803, 604)
(804, 604)
(805, 604)
(807, 601)
(807, 602)
(807, 603)
(807, 604)
(803, 605)
(804, 605)
(805, 605)
(806, 605)
(808, 602)
(808, 603)
(808, 604)
(808, 605)
(804, 606)
(805, 606)
(806, 606)
(807, 606)
(809, 603)
(809, 604)
(809, 605)
(805, 607)
(806, 607)
(807, 607)
(810, 604)
(810, 605)
(806, 608)
(807, 608)
(809, 608)
(810, 608)
(806, 609)
(807, 609)
(809, 609)
(810, 609)
(806, 610)
(807, 610)
(809, 610)
(810, 610)
(806, 611)
(807, 611)
(809, 611)
(810, 611)
(806, 612)
(807, 612)
(808, 612)
(810, 612)
(806, 613)
(807, 613)
(808, 613)
(809, 613)
(811, 610)
(811, 611)
(811, 612)
(811, 613)
(807, 614)
(808, 614)
(809, 614)
(810, 614)
(812, 611)
(812, 612)
(812, 613)
(812, 614)
(808, 615)
(809, 615)
(810, 615)
(811, 615)
(813, 612)
(813, 613)
(813, 614)
(813, 615)
(809, 616)
(810, 616)
(811, 616)
(812, 616)
(814, 613)
(814, 614)
(814, 615)
(814, 616)
(810, 617)
(811, 617)
(812, 617)
(813, 617)
(815, 614)
(815, 615)
(815, 616)
(815, 617)
(811, 618)
(812, 618)
(813, 618)
(814, 618)
(816, 615)
(816, 616)
(816, 617)
(816, 618)
(812, 619)
(813, 619)
(814, 619)
(815, 619)
(817, 616)
(817, 617)
(817, 618)
(817, 619)
(813, 620)
(814, 620)
(815, 620)
(816, 620)
(818, 617)
(818, 618)
(818, 619)
(818, 620)
(814, 621)
(815, 621)
(816, 621)
(817, 621)
(819, 618)
(819, 619)
(819, 620)
(819, 621)
(815, 622)
(816, 622)
(817, 622)
(818, 622)
(820, 619)
(820, 620)
(820, 621)
(820, 622)
(816, 623)
(817, 623)
(818, 623)
(819, 623)
(821, 620)
(821, 621)
(821, 622)
(821, 623)
(817, 624)
(818, 624)
(819, 624)
(820, 624)
(822, 621)
(822, 622)
(822, 623)
(822, 624)
(818, 625)
(819, 625)
(820, 625)
(821, 625)
(823, 622)
(823, 623)
(823, 624)
(823, 625)
(819, 626)
(820, 626)
(821, 626)
(822, 626)
(824, 623)
(824, 624)
(824, 625)
(824, 626)
(820, 627)
(821, 627)
(822, 627)
(823, 627)
(825, 624)
(825, 625)
(825, 626)
(825, 627)
(821, 628)
(822, 628)
(823, 628)
(824, 628)
(826, 626)
(826, 627)
(826, 628)
(822, 629)
(823, 629)
(824, 629)
(825, 629)
(827, 626)
(827, 627)
(827, 628)
(827, 629)
(823, 630)
(824, 630)
(825, 630)
(826, 630)
(828, 627)
(828, 628)
(828, 629)
(828, 630)
(824, 631)
(825, 631)
(826, 631)
(827, 631)
(829, 628)
(829, 629)
(829, 630)
(829, 631)
(825, 632)
(826, 632)
(827, 632)
(828, 632)
(830, 629)
(830, 630)
(830, 631)
(830, 632)
(826, 633)
(827, 633)
(828, 633)
(829, 633)
(831, 630)
(831, 631)
(831, 632)
(831, 633)
(829, 634)
(830, 634)
(832, 631)
(832, 632)
(832, 633)
(832, 634)
(829, 635)
(830, 635)
(831, 635)
(833, 632)
(833, 633)
(833, 634)
(833, 635)
(829, 636)
(830, 636)
(831, 636)
(832, 636)
(834, 633)
(834, 634)
(834, 635)
(834, 636)
(830, 637)
(831, 637)
(832, 637)
(833, 637)
(835, 634)
(835, 635)
(835, 636)
(835, 637)
(831, 638)
(832, 638)
(833, 638)
(834, 638)
(836, 635)
(836, 636)
(836, 637)
(836, 638)
(832, 639)
(833, 639)
(834, 639)
(835, 639)
(837, 636)
(837, 637)
(837, 638)
(837, 639)
(833, 640)
(834, 640)
(835, 640)
(836, 640)
(838, 637)
(838, 638)
(838, 639)
(838, 640)
(834, 641)
(835, 641)
(836, 641)
(837, 641)
(839, 638)
(839, 639)
(839, 640)
(839, 641)
(835, 642)
(836, 642)
(837, 642)
(838, 642)
(839, 642)
(840, 639)
(840, 640)
(840, 641)
(840, 642)
(836, 643)
(837, 643)
(838, 643)
(839, 643)
(840, 643)
(436, 204)
(437, 204)
(438, 204)
(439, 204)
(440, 204)
(436, 205)
(436, 206)
(436, 207)
(436, 208)
(441, 204)
(442, 204)
(436, 209)
(436, 210)
(437, 210)
(438, 210)
(439, 210)
(440, 210)
(441, 210)
(442, 210)
(443, 204)
(443, 210)
(444, 204)
(444, 210)
(445, 204)
(445, 210)
(446, 204)
(446, 210)
(447, 204)
(447, 210)
(448, 204)
(448, 210)
(449, 204)
(449, 210)
(450, 204)
(450, 210)
(451, 204)
(451, 210)
(452, 204)
(452, 210)
(453, 204)
(453, 210)
(454, 204)
(454, 210)
(455, 204)
(455, 210)
(456, 204)
(456, 210)
(457, 204)
(457, 210)
(458, 204)
(458, 210)
(459, 204)
(459, 210)
(460, 204)
(460, 210)
(461, 204)
(461, 210)
(462, 204)
(462, 210)
(463, 204)
(463, 210)
(464, 204)
(464, 210)
(465, 204)
(466, 204)
(467, 204)
(468, 204)
(469, 204)
(470, 204)
(470, 205)
(470, 206)
(470, 209)
(470, 210)
(464, 211)
(470, 211)
(464, 212)
(470, 212)
(464, 213)
(470, 213)
(464, 214)
(470, 214)
(464, 215)
(470, 215)
(464, 216)
(470, 216)
(464, 217)
(470, 217)
(464, 218)
(470, 218)
(464, 219)
(470, 219)
(464, 220)
(470, 220)
(464, 221)
(470, 221)
(464, 222)
(470, 222)
(464, 223)
(470, 223)
(464, 224)
(470, 224)
(464, 225)
(470, 225)
(464, 226)
(470, 226)
(464, 227)
(470, 227)
(464, 228)
(470, 228)
(464, 229)
(470, 229)
(464, 230)
(470, 230)
(464, 231)
(470, 231)
(464, 232)
(470, 232)
(464, 233)
(470, 233)
(464, 234)
(470, 234)
(464, 235)
(470, 235)
(464, 236)
(470, 236)
(464, 237)
(470, 237)
(464, 238)
(470, 238)
(464, 239)
(470, 239)
(464, 240)
(470, 240)
(464, 241)
(470, 241)
(464, 242)
(470, 242)
(464, 243)
(470, 243)
(464, 244)
(470, 244)
(464, 245)
(470, 245)
(464, 246)
(470, 246)
(464, 247)
(470, 247)
(464, 248)
(470, 248)
(464, 249)
(470, 249)
(464, 250)
(470, 250)
(464, 251)
(470, 251)
(464, 252)
(470, 252)
(464, 253)
(470, 253)
(464, 254)
(470, 254)
(464, 255)
(470, 255)
(464, 256)
(470, 256)
(464, 257)
(470, 257)
(464, 258)
(470, 258)
(464, 259)
(470, 259)
(464, 260)
(470, 260)
(464, 261)
(470, 261)
(464, 262)
(470, 262)
(464, 263)
(470, 263)
(464, 264)
(470, 264)
(464, 265)
(470, 265)
(464, 266)
(470, 266)
(464, 267)
(470, 267)
(464, 268)
(470, 268)
(464, 269)
(470, 269)
(464, 270)
(470, 270)
(464, 271)
(470, 271)
(464, 272)
(470, 272)
(464, 273)
(470, 273)
(464, 274)
(470, 274)
(464, 275)
(470, 275)
(464, 276)
(470, 276)
(464, 277)
(470, 277)
(464, 278)
(470, 278)
(464, 279)
(470, 279)
(464, 280)
(470, 280)
(464, 281)
(470, 281)
(464, 282)
(470, 282)
(464, 283)
(470, 283)
(464, 284)
(470, 284)
(464, 285)
(470, 285)
(464, 286)
(470, 286)
(464, 287)
(470, 287)
(464, 288)
(470, 288)
(464, 289)
(470, 289)
(464, 290)
(470, 290)
(464, 291)
(470, 291)
(464, 292)
(470, 292)
(464, 293)
(470, 293)
(464, 294)
(470, 294)
(464, 295)
(470, 295)
(464, 296)
(470, 296)
(464, 297)
(470, 297)
(464, 298)
(470, 298)
(464, 299)
(470, 299)
(464, 300)
(470, 300)
(464, 301)
(470, 301)
(464, 302)
(470, 302)
(464, 303)
(470, 303)
(464, 304)
(470, 304)
(464, 305)
(470, 305)
(464, 306)
(464, 307)
(464, 308)
(464, 309)
(464, 310)
(465, 310)
(471, 305)
(471, 306)
(465, 311)
(466, 311)
(472, 306)
(472, 307)
(466, 312)
(467, 312)
(473, 307)
(473, 308)
(467, 313)
(468, 313)
(474, 308)
(474, 309)
(468, 314)
(469, 314)
(475, 309)
(475, 310)
(469, 315)
(470, 315)
(476, 310)
(476, 311)
(470, 316)
(471, 316)
(477, 311)
(477, 312)
(471, 317)
(472, 317)
(478, 312)
(478, 313)
(472, 318)
(473, 318)
(479, 313)
(479, 314)
(473, 319)
(474, 319)
(480, 314)
(480, 315)
(474, 320)
(475, 320)
(481, 315)
(481, 316)
(475, 321)
(476, 321)
(482, 316)
(482, 317)
(476, 322)
(477, 322)
(483, 317)
(483, 318)
(477, 323)
(478, 323)
(484, 318)
(484, 319)
(478, 324)
(479, 324)
(485, 319)
(485, 320)
(479, 325)
(480, 325)
(486, 320)
(486, 321)
(480, 326)
(481, 326)
(487, 321)
(487, 322)
(481, 327)
(482, 327)
(488, 322)
(488, 323)
(482, 328)
(483, 328)
(489, 323)
(489, 324)
(483, 329)
(484, 329)
(490, 324)
(490, 325)
(484, 330)
(485, 330)
(491, 325)
(491, 326)
(485, 331)
(486, 331)
(492, 326)
(492, 327)
(486, 332)
(487, 332)
(493, 327)
(493, 328)
(487, 333)
(488, 333)
(494, 328)
(494, 329)
(488, 334)
(489, 334)
(495, 329)
(489, 335)
(490, 335)
(496, 330)
(496, 331)
(490, 336)
(491, 336)
(497, 331)
(497, 332)
(491, 337)
(492, 337)
(498, 332)
(498, 333)
(492, 338)
(493, 338)
(499, 333)
(499, 334)
(493, 339)
(494, 339)
(500, 334)
(500, 335)
(494, 340)
(495, 340)
(501, 335)
(501, 336)
(495, 341)
(496, 341)
(502, 336)
(502, 337)
(496, 342)
(497, 342)
(503, 337)
(503, 338)
(503, 339)
(503, 340)
(503, 341)
(503, 342)
(497, 343)
(503, 343)
(497, 344)
(497, 345)
(503, 345)
(497, 346)
(503, 346)
(497, 347)
(503, 347)
(497, 348)
(503, 348)
(497, 349)
(503, 349)
(497, 350)
(503, 350)
(497, 351)
(503, 351)
(497, 352)
(503, 352)
(497, 353)
(503, 353)
(497, 354)
(503, 354)
(497, 355)
(503, 355)
(497, 356)
(497, 357)
(497, 358)
(497, 359)
(497, 360)
(498, 360)
(499, 360)
(504, 355)
(504, 356)
(498, 361)
(499, 361)
(505, 356)
(505, 357)
(499, 362)
(500, 362)
(506, 357)
(506, 358)
(500, 363)
(501, 363)
(507, 358)
(507, 359)
(501, 364)
(502, 364)
(508, 359)
(508, 360)
(502, 365)
(503, 365)
(509, 361)
(503, 366)
(504, 366)
(510, 361)
(510, 362)
(504, 367)
(505, 367)
(511, 362)
(511, 363)
(505, 368)
(506, 368)
(512, 363)
(512, 364)
(506, 369)
(507, 369)
(513, 364)
(513, 365)
(507, 370)
(508, 370)
(514, 365)
(514, 366)
(508, 371)
(509, 371)
(515, 366)
(515, 367)
(509, 372)
(510, 372)
(516, 367)
(516, 368)
(510, 373)
(511, 373)
(517, 368)
(517, 369)
(511, 374)
(512, 374)
(518, 369)
(518, 370)
(512, 375)
(513, 375)
(519, 370)
(513, 376)
(514, 376)
(515, 376)
(516, 376)
(517, 376)
(518, 376)
(519, 376)
(520, 370)
(520, 376)
(521, 370)
(521, 376)
(522, 370)
(522, 376)
(523, 370)
(523, 376)
(524, 370)
(524, 376)
(525, 370)
(525, 376)
(526, 370)
(526, 376)
(527, 370)
(527, 376)
(528, 370)
(528, 376)
(529, 370)
(529, 376)
(530, 370)
(530, 376)
(531, 370)
(531, 376)
(532, 370)
(532, 376)
(533, 370)
(533, 376)
(534, 370)
(534, 376)
(535, 370)
(535, 376)
(536, 370)
(536, 376)
(537, 370)
(537, 376)
(538, 370)
(539, 370)
(540, 370)
(541, 370)
(542, 370)
(542, 371)
(543, 371)
(543, 372)
(537, 377)
(538, 377)
(544, 372)
(544, 373)
(538, 378)
(539, 378)
(545, 373)
(545, 374)
(539, 379)
(540, 379)
(546, 374)
(546, 375)
(540, 380)
(541, 380)
(547, 375)
(547, 376)
(541, 381)
(542, 381)
(548, 376)
(548, 377)
(542, 382)
(543, 382)
(549, 377)
(549, 378)
(543, 383)
(544, 383)
(550, 378)
(550, 379)
(544, 384)
(545, 384)
(551, 379)
(551, 380)
(545, 385)
(546, 385)
(552, 380)
(552, 381)
(546, 386)
(547, 386)
(547, 387)
(548, 387)
(554, 383)
(548, 388)
(549, 388)
(555, 383)
(555, 384)
(549, 389)
(550, 389)
(556, 384)
(556, 385)
(550, 390)
(551, 390)
(557, 385)
(557, 386)
(551, 391)
(552, 391)
(558, 386)
(558, 387)
(552, 392)
(553, 392)
(559, 387)
(559, 388)
(554, 393)
(560, 388)
(560, 389)
(555, 394)
(561, 389)
(561, 390)
(555, 395)
(556, 395)
(562, 390)
(562, 391)
(557, 396)
(563, 391)
(563, 392)
(557, 397)
(558, 397)
(564, 392)
(564, 393)
(558, 398)
(559, 398)
(565, 393)
(565, 394)
(559, 399)
(560, 399)
(566, 394)
(566, 395)
(560, 400)
(561, 400)
(567, 395)
(567, 396)
(561, 401)
(562, 401)
(568, 396)
(568, 397)
(562, 402)
(563, 402)
(569, 397)
(569, 398)
(563, 403)
(564, 403)
(570, 398)
(570, 399)
(564, 404)
(565, 404)
(571, 399)
(571, 400)
(565, 405)
(566, 405)
(572, 400)
(572, 401)
(566, 406)
(567, 406)
(573, 401)
(573, 402)
(567, 407)
(568, 407)
(574, 402)
(574, 403)
(568, 408)
(575, 403)
(575, 404)
(576, 404)
(576, 405)
(571, 410)
(577, 405)
(577, 406)
(578, 406)
(578, 407)
(573, 412)
(579, 407)
(579, 408)
(574, 413)
(580, 408)
(580, 409)
(574, 414)
(575, 414)
(581, 409)
(581, 410)
(575, 415)
(576, 415)
(582, 410)
(582, 411)
(577, 416)
(583, 411)
(583, 412)
(577, 417)
(578, 417)
(584, 412)
(584, 413)
(578, 418)
(579, 418)
(585, 413)
(585, 414)
(579, 419)
(580, 419)
(586, 414)
(586, 415)
(580, 420)
(581, 420)
(587, 415)
(587, 416)
(581, 421)
(582, 421)
(588, 416)
(588, 417)
(582, 422)
(583, 422)
(589, 417)
(589, 418)
(583, 423)
(584, 423)
(590, 418)
(590, 419)
(584, 424)
(585, 424)
(591, 419)
(591, 420)
(585, 425)
(586, 425)
(592, 420)
(592, 421)
(586, 426)
(587, 426)
(593, 421)
(593, 422)
(587, 427)
(588, 427)
(594, 422)
(594, 423)
(588, 428)
(589, 428)
(595, 423)
(595, 424)
(589, 429)
(590, 429)
(596, 424)
(596, 425)
(591, 430)
(597, 425)
(597, 426)
(591, 431)
(592, 431)
(598, 426)
(598, 427)
(592, 432)
(593, 432)
(599, 427)
(599, 428)
(593, 433)
(594, 433)
(600, 428)
(600, 429)
(594, 434)
(595, 434)
(601, 429)
(601, 430)
(595, 435)
(596, 435)
(602, 430)
(602, 431)
(596, 436)
(597, 436)
(603, 431)
(603, 432)
(597, 437)
(598, 437)
(604, 432)
(604, 433)
(598, 438)
(599, 438)
(605, 433)
(605, 434)
(599, 439)
(600, 439)
(606, 434)
(606, 435)
(600, 440)
(601, 440)
(607, 435)
(607, 436)
(601, 441)
(602, 441)
(608, 436)
(608, 437)
(602, 442)
(603, 442)
(609, 437)
(609, 438)
(603, 443)
(604, 443)
(610, 438)
(610, 439)
(604, 444)
(605, 444)
(611, 439)
(611, 440)
(605, 445)
(606, 445)
(612, 440)
(612, 441)
(606, 446)
(607, 446)
(613, 441)
(613, 442)
(607, 447)
(608, 447)
(614, 442)
(614, 443)
(608, 448)
(609, 448)
(615, 443)
(615, 444)
(609, 449)
(610, 449)
(616, 444)
(616, 445)
(610, 450)
(611, 450)
(617, 445)
(617, 446)
(611, 451)
(612, 451)
(612, 452)
(613, 452)
(613, 453)
(614, 453)
(620, 448)
(620, 449)
(614, 454)
(615, 454)
(621, 449)
(621, 450)
(615, 455)
(616, 455)
(622, 450)
(622, 451)
(616, 456)
(617, 456)
(623, 451)
(623, 452)
(617, 457)
(618, 457)
(624, 452)
(624, 453)
(618, 458)
(619, 458)
(625, 453)
(625, 454)
(619, 459)
(620, 459)
(626, 454)
(626, 455)
(620, 460)
(621, 460)
(627, 455)
(627, 456)
(621, 461)
(622, 461)
(628, 456)
(628, 457)
(622, 462)
(623, 462)
(629, 457)
(623, 463)
(624, 463)
(625, 463)
(626, 463)
(627, 463)
(628, 463)
(630, 457)
(631, 457)
(632, 457)
(633, 457)
(633, 458)
(634, 458)
(634, 459)
(628, 464)
(635, 459)
(635, 460)
(636, 460)
(636, 461)
(631, 466)
(637, 461)
(637, 462)
(631, 467)
(632, 467)
(638, 462)
(638, 463)
(632, 468)
(633, 468)
(639, 463)
(639, 464)
(633, 469)
(634, 469)
(640, 464)
(640, 465)
(634, 470)
(635, 470)
(641, 465)
(641, 466)
(635, 471)
(636, 471)
(642, 466)
(642, 467)
(636, 472)
(637, 472)
(643, 467)
(643, 468)
(643, 469)
(643, 470)
(643, 471)
(643, 472)
(637, 473)
(643, 473)
(637, 474)
(637, 475)
(637, 476)
(637, 477)
(637, 478)
(638, 478)
(638, 479)
(639, 479)
(645, 474)
(645, 475)
(639, 480)
(640, 480)
(646, 475)
(646, 476)
(640, 481)
(641, 481)
(647, 476)
(647, 477)
(641, 482)
(642, 482)
(648, 477)
(648, 478)
(642, 483)
(643, 483)
(649, 478)
(649, 479)
(643, 484)
(644, 484)
(650, 479)
(650, 480)
(644, 485)
(645, 485)
(651, 480)
(651, 481)
(645, 486)
(646, 486)
(652, 481)
(652, 482)
(646, 487)
(647, 487)
(653, 482)
(653, 483)
(647, 488)
(648, 488)
(654, 483)
(654, 484)
(648, 489)
(649, 489)
(655, 484)
(655, 485)
(655, 486)
(655, 487)
(649, 490)
(649, 491)
(649, 492)
(649, 493)
(649, 494)
(649, 495)
(650, 495)
(656, 491)
(650, 496)
(651, 496)
(657, 491)
(657, 492)
(651, 497)
(652, 497)
(658, 492)
(658, 493)
(652, 498)
(653, 498)
(659, 493)
(659, 494)
(653, 499)
(654, 499)
(660, 494)
(660, 495)
(654, 500)
(655, 500)
(661, 495)
(661, 496)
(655, 501)
(656, 501)
(662, 496)
(662, 497)
(656, 502)
(657, 502)
(663, 497)
(663, 498)
(657, 503)
(658, 503)
(664, 498)
(658, 504)
(665, 499)
(659, 505)
(665, 505)
(665, 500)
(659, 506)
(665, 506)
(665, 501)
(659, 507)
(665, 502)
(659, 508)
(665, 503)
(659, 509)
(659, 504)
(659, 510)
(659, 511)
(666, 506)
(660, 512)
(667, 507)
(661, 513)
(668, 508)
(662, 514)
(669, 509)
(663, 515)
(670, 510)
(664, 516)
(671, 511)
(665, 517)
(672, 512)
(666, 518)
(673, 513)
(667, 519)
(674, 514)
(668, 520)
(675, 515)
(669, 521)
(676, 516)
(670, 522)
(677, 517)
(671, 523)
(678, 518)
(672, 524)
(679, 519)
(673, 525)
(670, 528)
(676, 528)
(682, 516)
(669, 527)
(675, 527)
(681, 515)
(668, 526)
(674, 526)
(680, 514)
(680, 520)
(667, 525)
(679, 513)
(666, 524)
(678, 512)
(665, 523)
(677, 511)
(664, 522)
(676, 510)
(663, 521)
(841, 638)
(805, 608)
(804, 607)
(803, 606)
(802, 605)
(801, 604)
(800, 603)
(799, 602)
(798, 601)
(797, 600)
(796, 599)
(795, 598)
(794, 597)
(793, 596)
(792, 595)
(791, 594)
(790, 593)
(789, 592)
(788, 591)
(782, 585)
(781, 584)
(780, 583)
(779, 582)
(778, 581)
(777, 580)
(776, 579)
(775, 578)
(774, 577)
(773, 576)
(772, 575)
(771, 574)
(770, 573)
(769, 572)
(768, 571)
(767, 570)
(766, 569)
(765, 568)
(764, 567)
(763, 566)
(762, 565)
(761, 564)
(760, 563)
(759, 562)
(758, 561)
(757, 560)
(756, 559)
(755, 558)
(754, 557)
(753, 556)
(752, 555)
(751, 554)
(750, 553)
(749, 552)
(748, 551)
(747, 550)
(746, 549)
(745, 548)
(744, 547)
(743, 546)
(742, 545)
(741, 544)
(740, 543)
(739, 542)
(738, 541)
(737, 540)
(736, 539)
(735, 538)
(734, 537)
(733, 536)
(732, 535)
(731, 534)
(730, 533)
(729, 532)
(728, 531)
(727, 530)
(726, 529)
(725, 528)
(724, 527)
(723, 526)
(722, 525)
(721, 524)
(720, 523)
(719, 522)
(718, 521)
(717, 520)
(716, 519)
(715, 518)
(714, 517)
(713, 516)
(712, 515)
(711, 514)
(710, 513)
(709, 512)
(708, 511)
(707, 510)
(706, 509)
(705, 508)
(704, 507)
(703, 506)
(702, 505)
(701, 504)
(700, 503)
(699, 502)
(698, 501)
(697, 500)
(696, 499)
(695, 498)
(694, 497)
(693, 496)
(692, 495)
(691, 494)
(690, 493)
(689, 492)
(688, 491)
(687, 490)
(686, 489)
(685, 488)
(684, 487)
(683, 486)
(682, 485)
(681, 484)
(680, 483)
(679, 482)
(678, 481)
(677, 480)
(676, 479)
(675, 478)
(674, 477)
(673, 476)
(672, 475)
(671, 474)
(670, 473)
(669, 472)
(668, 471)
(667, 470)
(666, 469)
(665, 468)
(664, 467)
(663, 466)
(662, 465)
(661, 464)
(660, 463)
(659, 462)
(658, 461)
(657, 460)
(656, 459)
(655, 458)
(654, 457)
(653, 456)
(652, 455)
(651, 454)
(650, 453)
(649, 452)
(648, 451)
(647, 450)
(646, 449)
(645, 448)
(644, 447)
(643, 446)
(642, 445)
(641, 444)
(640, 443)
(639, 442)
(638, 441)
(637, 440)
(636, 439)
(635, 438)
(634, 437)
(633, 436)
(632, 435)
(631, 434)
(630, 433)
(629, 432)
(628, 431)
(627, 430)
(626, 429)
(625, 428)
(624, 427)
(623, 426)
(622, 425)
(621, 424)
(620, 423)
(619, 422)
(618, 421)
(617, 420)
(616, 419)
(615, 418)
(614, 417)
(613, 416)
(612, 415)
(611, 414)
(610, 413)
(609, 412)
(608, 411)
(607, 410)
(606, 409)
(605, 408)
(604, 407)
(603, 406)
(602, 405)
(601, 404)
(600, 403)
(599, 402)
(598, 401)
(597, 400)
(596, 399)
(595, 398)
(594, 397)
(593, 396)
(592, 395)
(591, 394)
(590, 393)
(589, 392)
(588, 391)
(587, 390)
(586, 389)
(585, 388)
(584, 387)
(583, 386)
(582, 385)
(581, 384)
(580, 383)
(579, 382)
(578, 381)
(577, 380)
(576, 379)
(575, 378)
(574, 377)
(573, 376)
(572, 375)
(571, 374)
(570, 373)
(569, 372)
(568, 371)
(567, 370)
(566, 369)
(565, 368)
(564, 367)
(563, 366)
(562, 365)
(561, 364)
(560, 363)
(559, 362)
(558, 361)
(557, 360)
(556, 359)
(555, 358)
(554, 357)
(553, 356)
(552, 355)
(551, 354)
(550, 353)
(549, 352)
(548, 351)
(547, 350)
(546, 349)
(545, 348)
(544, 347)
(543, 346)
(542, 345)
(541, 344)
(540, 343)
(539, 342)
(538, 341)
(537, 340)
(536, 339)
(535, 338)
(534, 337)
(533, 336)
(532, 335)
(531, 334)
(530, 333)
(529, 332)
(528, 331)
(527, 330)
(526, 329)
(525, 328)
(524, 327)
(523, 326)
(522, 325)
(521, 324)
(520, 323)
(519, 322)
(518, 321)
(517, 320)
(516, 319)
(515, 318)
(514, 317)
(513, 316)
(512, 315)
(511, 314)
(510, 313)
(509, 312)
(507, 310)
(506, 309)
(505, 308)
(504, 307)
(503, 306)
(502, 305)
(501, 304)
(500, 303)
(499, 302)
(498, 301)
(497, 300)
(496, 299)
(495, 298)
(494, 297)
(493, 296)
(492, 295)
(491, 294)
(490, 293)
(489, 292)
(488, 291)
(487, 290)
(486, 289)
(485, 288)
(484, 287)
(483, 286)
(482, 285)
(481, 284)
(480, 283)
(479, 282)
(478, 281)
(477, 280)
(476, 279)
(475, 278)
(474, 277)
(473, 276)
(472, 275)
(471, 274)
(463, 266)
(462, 265)
(461, 264)
(460, 263)
(459, 262)
(458, 261)
(457, 260)
(456, 259)
(455, 258)
(454, 257)
(453, 256)
(452, 255)
(451, 254)
(450, 253)
(449, 252)
(448, 251)
(447, 250)
(446, 249)
(445, 248)
(444, 247)
(443, 246)
(442, 245)
(441, 244)
(440, 243)
(439, 242)
(439, 241)
(439, 240)
(439, 239)
(439, 238)
(439, 237)
(439, 236)
(439, 235)
(439, 234)
(439, 233)
(439, 232)
(439, 231)
(439, 230)
(439, 229)
(439, 228)
(439, 227)
(439, 226)
(439, 225)
(439, 224)
(439, 223)
(439, 222)
(439, 221)
(439, 220)
(439, 219)
(439, 218)
(439, 217)
(439, 216)
(439, 215)
(439, 214)
(439, 213)
(439, 212)
(439, 211)
(424, 227)
(423, 227)
