(471, 298)
(472, 298)
(473, 298)
(474, 298)
(475, 298)
(476, 298)
(477, 298)
(478, 298)
(479, 298)
(481, 298)
(482, 298)
(483, 298)
(484, 298)
(485, 298)
(486, 298)
(487, 298)
(488, 298)
(489, 298)
(490, 298)
(471, 299)
(472, 299)
(473, 299)
(474, 299)
(475, 299)
(476, 299)
(477, 299)
(478, 299)
(479, 299)
(481, 299)
(482, 299)
(483, 299)
(484, 299)
(485, 299)
(486, 299)
(487, 299)
(488, 299)
(489, 299)
(490, 299)
(471, 300)
(472, 300)
(473, 300)
(474, 300)
(475, 300)
(476, 300)
(477, 300)
(478, 300)
(479, 300)
(481, 300)
(482, 300)
(483, 300)
(484, 300)
(485, 300)
(486, 300)
(487, 300)
(488, 300)
(489, 300)
(490, 300)
(471, 301)
(472, 301)
(473, 301)
(474, 301)
(475, 301)
(476, 301)
(477, 301)
(478, 301)
(479, 301)
(481, 301)
(482, 301)
(483, 301)
(484, 301)
(485, 301)
(486, 301)
(487, 301)
(488, 301)
(489, 301)
(490, 301)
(471, 302)
(472, 302)
(473, 302)
(474, 302)
(475, 302)
(476, 302)
(477, 302)
(478, 302)
(479, 302)
(481, 302)
(482, 302)
(483, 302)
(484, 302)
(485, 302)
(486, 302)
(487, 302)
(488, 302)
(489, 302)
(490, 302)
(471, 303)
(472, 303)
(473, 303)
(474, 303)
(475, 303)
(476, 303)
(477, 303)
(478, 303)
(479, 303)
(481, 303)
(482, 303)
(483, 303)
(484, 303)
(485, 303)
(486, 303)
(487, 303)
(488, 303)
(489, 303)
(490, 303)
(471, 304)
(472, 304)
(473, 304)
(474, 304)
(475, 304)
(476, 304)
(477, 304)
(478, 304)
(479, 304)
(481, 304)
(482, 304)
(483, 304)
(484, 304)
(485, 304)
(486, 304)
(487, 304)
(488, 304)
(489, 304)
(490, 304)
(472, 305)
(473, 305)
(474, 305)
(475, 305)
(476, 305)
(477, 305)
(478, 305)
(479, 305)
(481, 305)
(482, 305)
(483, 305)
(484, 305)
(485, 305)
(486, 305)
(487, 305)
(488, 305)
(489, 305)
(490, 305)
(473, 306)
(474, 306)
(475, 306)
(476, 306)
(477, 306)
(478, 306)
(479, 306)
(481, 306)
(482, 306)
(483, 306)
(484, 306)
(485, 306)
(486, 306)
(487, 306)
(488, 306)
(489, 306)
(490, 306)
(474, 307)
(475, 307)
(476, 307)
(477, 307)
(478, 307)
(479, 307)
(481, 307)
(482, 307)
(483, 307)
(484, 307)
(485, 307)
(486, 307)
(487, 307)
(488, 307)
(489, 307)
(490, 307)
(476, 309)
(477, 309)
(478, 309)
(479, 309)
(481, 309)
(482, 309)
(483, 309)
(484, 309)
(485, 309)
(486, 309)
(487, 309)
(488, 309)
(489, 309)
(490, 309)
(477, 310)
(478, 310)
(479, 310)
(481, 310)
(482, 310)
(483, 310)
(484, 310)
(485, 310)
(486, 310)
(487, 310)
(488, 310)
(489, 310)
(490, 310)
(478, 311)
(479, 311)
(481, 311)
(482, 311)
(483, 311)
(484, 311)
(485, 311)
(486, 311)
(487, 311)
(488, 311)
(489, 311)
(490, 311)
(479, 312)
(481, 312)
(482, 312)
(483, 312)
(484, 312)
(485, 312)
(486, 312)
(487, 312)
(488, 312)
(489, 312)
(490, 312)
(481, 313)
(482, 313)
(483, 313)
(484, 313)
(485, 313)
(486, 313)
(487, 313)
(488, 313)
(489, 313)
(490, 313)
(481, 314)
(482, 314)
(483, 314)
(484, 314)
(485, 314)
(486, 314)
(487, 314)
(488, 314)
(489, 314)
(490, 314)
(482, 315)
(483, 315)
(484, 315)
(485, 315)
(486, 315)
(487, 315)
(488, 315)
(489, 315)
(490, 315)
(483, 316)
(484, 316)
(485, 316)
(486, 316)
(487, 316)
(488, 316)
(489, 316)
(490, 316)
(470, 317)
(484, 317)
(485, 317)
(486, 317)
(487, 317)
(488, 317)
(489, 317)
(490, 317)
(470, 318)
(471, 318)
(485, 318)
(486, 318)
(487, 318)
(488, 318)
(489, 318)
(490, 318)
(480, 299)
(491, 299)
(480, 300)
(491, 300)
(480, 301)
(491, 301)
(480, 302)
(491, 302)
(480, 303)
(491, 303)
(480, 304)
(491, 304)
(480, 305)
(491, 305)
(480, 306)
(491, 306)
(480, 307)
(491, 307)
(475, 308)
(476, 308)
(477, 308)
(478, 308)
(479, 308)
(480, 308)
(482, 308)
(483, 308)
(484, 308)
(485, 308)
(486, 308)
(487, 308)
(488, 308)
(489, 308)
(490, 308)
(491, 308)
(480, 310)
(491, 310)
(480, 311)
(491, 311)
(480, 312)
(491, 312)
(480, 313)
(491, 313)
(491, 314)
(491, 315)
(491, 316)
(491, 317)
(491, 318)
(471, 319)
(472, 319)
(486, 319)
(487, 319)
(488, 319)
(489, 319)
(490, 319)
(491, 319)
(492, 300)
(492, 301)
(492, 302)
(492, 303)
(492, 304)
(492, 305)
(492, 306)
(492, 307)
(481, 308)
(492, 308)
(480, 309)
(491, 309)
(492, 309)
(492, 311)
(492, 312)
(492, 313)
(492, 314)
(492, 315)
(492, 316)
(492, 317)
(492, 318)
(492, 319)
(472, 320)
(473, 320)
(487, 320)
(488, 320)
(489, 320)
(490, 320)
(491, 320)
(492, 320)
(493, 301)
(493, 302)
(493, 303)
(493, 304)
(493, 305)
(493, 306)
(493, 307)
(493, 308)
(493, 309)
(492, 310)
(493, 310)
(493, 312)
(493, 313)
(493, 314)
(493, 315)
(493, 316)
(493, 317)
(493, 318)
(493, 319)
(493, 320)
(473, 321)
(474, 321)
(488, 321)
(489, 321)
(490, 321)
(491, 321)
(492, 321)
(493, 321)
(494, 302)
(494, 303)
(494, 304)
(494, 305)
(494, 306)
(494, 307)
(494, 308)
(494, 309)
(494, 310)
(493, 311)
(494, 311)
(494, 313)
(494, 314)
(494, 315)
(494, 316)
(494, 317)
(494, 318)
(494, 319)
(494, 320)
(494, 321)
(474, 322)
(475, 322)
(489, 322)
(490, 322)
(491, 322)
(492, 322)
(493, 322)
(494, 322)
(495, 303)
(495, 304)
(495, 305)
(495, 306)
(495, 307)
(495, 308)
(495, 309)
(495, 310)
(495, 311)
(494, 312)
(495, 312)
(495, 314)
(495, 315)
(495, 316)
(495, 317)
(495, 318)
(495, 319)
(495, 320)
(495, 321)
(495, 322)
(475, 323)
(476, 323)
(490, 323)
(491, 323)
(492, 323)
(493, 323)
(494, 323)
(495, 323)
(496, 304)
(496, 305)
(496, 306)
(496, 307)
(496, 308)
(496, 309)
(496, 310)
(496, 311)
(496, 312)
(495, 313)
(496, 313)
(496, 315)
(496, 316)
(496, 317)
(496, 318)
(496, 319)
(496, 320)
(496, 321)
(496, 322)
(496, 323)
(476, 324)
(477, 324)
(491, 324)
(492, 324)
(493, 324)
(494, 324)
(495, 324)
(496, 324)
(497, 305)
(497, 306)
(497, 307)
(497, 308)
(497, 309)
(497, 310)
(497, 311)
(497, 312)
(497, 313)
(496, 314)
(497, 314)
(497, 316)
(497, 317)
(497, 318)
(497, 319)
(497, 320)
(497, 321)
(497, 322)
(497, 323)
(497, 324)
(477, 325)
(478, 325)
(492, 325)
(493, 325)
(494, 325)
(495, 325)
(496, 325)
(497, 325)
(498, 306)
(498, 307)
(498, 308)
(498, 309)
(498, 310)
(498, 311)
(498, 312)
(498, 313)
(498, 314)
(497, 315)
(498, 315)
(498, 317)
(498, 318)
(498, 319)
(498, 320)
(498, 321)
(498, 322)
(498, 323)
(498, 324)
(498, 325)
(478, 326)
(479, 326)
(493, 326)
(494, 326)
(495, 326)
(496, 326)
(497, 326)
(498, 326)
(499, 307)
(499, 308)
(499, 309)
(499, 310)
(499, 311)
(499, 312)
(499, 313)
(499, 314)
(499, 315)
(498, 316)
(499, 316)
(499, 318)
(499, 319)
(499, 320)
(499, 321)
(499, 322)
(499, 323)
(499, 324)
(499, 325)
(499, 326)
(479, 327)
(480, 327)
(494, 327)
(495, 327)
(496, 327)
(497, 327)
(498, 327)
(499, 327)
(500, 308)
(500, 309)
